/*--------------------------------*- C++ -*----------------------------------*\
| =========                 |                                                 |
| \\      /  F ield         | OpenFOAM: The Open Source CFD Toolbox           |
|  \\    /   O peration     | Version:  2206                                  |
|   \\  /    A nd           | Website:  www.openfoam.com                      |
|    \\/     M anipulation  |                                                 |
\*---------------------------------------------------------------------------*/
FoamFile
{
    version     2.0;
    format      ascii;
    arch        "LSB;label=32;scalar=64";
    class       volVectorField;
    location    "239";
    object      U;
}
// * * * * * * * * * * * * * * * * * * * * * * * * * * * * * * * * * * * * * //

dimensions      [0 1 -1 0 0 0 0];

internalField   nonuniform List<vector> 
2283
(
(10.0389 -0.0189059 1.71496e-18)
(9.75894 -0.00508728 5.49212e-17)
(6.04093 -1.07038 -5.00742e-18)
(6.28697 -1.08635 4.92983e-18)
(7.59026 -1.19191 0)
(7.62237 -1.27371 0)
(9.3421 -0.0622256 0)
(9.29609 -0.0143805 -1.37371e-18)
(3.7073 -0.685402 -1.96188e-18)
(19.1067 6.29831 0)
(16.8731 4.13505 3.08637e-18)
(7.88265 0.595041 -5.8418e-17)
(6.96234 0.629935 -6.33416e-18)
(9.66041 -0.955036 6.45241e-18)
(7.67561 0.446919 -1.14329e-17)
(8.82107 0.866458 0)
(9.00616 0.914373 2.15128e-18)
(7.30175 -0.543924 8.14594e-20)
(9.9259 0.0086176 0)
(7.24934 -1.22962 -5.70817e-18)
(8.60821 -1.35688 2.36402e-18)
(8.33 -1.34201 0)
(9.04405 0.0242774 4.53274e-17)
(8.99356 0.0154889 -1.07895e-16)
(9.34601 -0.0385414 0)
(10.0862 0.00882172 6.27261e-17)
(8.80714 0.298214 0)
(10.9022 -1.00001 0)
(8.74197 0.270768 0)
(5.40718 -0.938202 1.67531e-18)
(3.63256 -0.620031 -5.48521e-18)
(8.49097 0.0392581 0)
(8.43306 -0.0108384 -2.77786e-18)
(8.77289 0.0460259 -2.3896e-17)
(9.09876 0.0110673 0)
(8.66819 -0.189906 -8.35492e-18)
(8.72065 -0.235083 0)
(8.89465 0.110254 1.42898e-17)
(8.92366 0.120559 -1.98257e-17)
(9.7034 -0.0123419 -9.94719e-17)
(6.53278 -0.0611346 1.12056e-16)
(9.53885 -1.04479 -9.13372e-18)
(8.8316 -1.41672 2.08161e-18)
(9.27623 -1.45295 -3.66656e-18)
(11.2037 -0.823888 4.99225e-18)
(11.2552 -0.955346 0)
(7.54079 -1.43708 3.02183e-18)
(5.81977 0.351097 -1.56967e-18)
(5.63102 0.147631 0)
(8.76164 -0.0883928 -6.57539e-19)
(7.60506 -1.19162 3.92317e-18)
(8.80984 -0.0954114 1.5042e-19)
(9.72766 -0.384671 5.83414e-19)
(10.5169 -1.21169 2.77542e-18)
(10.2617 0.0218567 -2.53133e-18)
(9.74598 -1.44535 -5.00381e-18)
(7.25923 -0.597503 0)
(7.29691 -0.227553 0)
(3.8594 -0.619377 0)
(10.1499 -0.0798563 2.70818e-17)
(7.23096 -0.297066 -8.35357e-18)
(11.0944 1.3441 -1.14067e-17)
(9.81497 -1.43059 0)
(11.2008 -0.584373 1.41801e-17)
(3.71412 -0.668293 -1.64798e-18)
(9.82802 0.0778312 -1.00503e-17)
(10.0753 0.065259 1.04306e-16)
(11.1456 -0.464075 0)
(7.46807 -1.25523 -2.13718e-18)
(9.02467 -1.43456 3.01253e-18)
(7.98398 -0.855762 -2.72247e-18)
(8.51486 -1.34472 -2.94948e-19)
(9.63725 1.65939 2.73965e-17)
(6.55805 -0.0113479 3.44359e-17)
(9.30706 -0.671624 -3.14118e-17)
(8.56897 -1.29386 0)
(8.84862 0.0266981 1.34387e-18)
(8.77368 0.107297 1.84744e-18)
(8.99567 0.103804 0)
(9.02507 0.078869 0)
(8.87019 -0.25976 1.21972e-18)
(8.89721 -0.281982 0)
(10.4452 -1.23107 -1.4341e-18)
(8.33076 -1.36714 5.13618e-20)
(3.6537 -0.836985 2.72283e-18)
(8.49646 -1.3761 2.34741e-19)
(11.4959 -1.44985 1.62143e-19)
(10.4505 -1.12705 0)
(10.1255 -1.48582 1.65243e-20)
(10.4257 -1.44417 1.8893e-18)
(9.50716 -1.13253 0)
(15.4337 8.60404 0)
(10.4024 -1.19116 0)
(8.86114 -0.203745 -1.21689e-17)
(8.75674 -0.232786 0)
(8.68561 -0.0159868 1.27273e-17)
(9.65729 1.29312 -2.09951e-17)
(7.4869 -1.30823 2.84161e-18)
(8.85368 -0.0303887 -4.12574e-17)
(6.81832 -1.21068 -4.17014e-18)
(10.3493 1.01975 -2.23115e-17)
(9.9503 1.06144 4.16581e-17)
(10.3596 -0.298223 4.55579e-17)
(10.017 -1.44931 0)
(5.74884 -0.9852 0)
(10.0659 6.97288 0)
(9.41112 -0.0447784 -1.35814e-16)
(9.47365 -0.00505339 2.23015e-18)
(7.10166 -1.13284 0)
(4.82343 -0.777612 0)
(9.16609 0.00691808 -6.72932e-17)
(8.61093 0.248702 1.33145e-17)
(8.68241 0.30272 -1.14058e-17)
(8.65799 -0.675687 -5.414e-18)
(8.86444 -0.51679 -4.88352e-19)
(10.1143 6.65166 3.22878e-19)
(7.15964 0.45013 1.29735e-17)
(9.46 -0.00041972 -2.13036e-17)
(7.86638 -1.38708 0)
(8.60182 -0.432819 7.31402e-20)
(8.55949 -0.579888 -4.2033e-18)
(9.41593 -1.45038 4.35773e-18)
(8.96788 0.271021 5.94302e-19)
(9.00616 0.296538 -4.57707e-18)
(3.66595 -0.694498 -3.80815e-18)
(8.34934 -1.21749 -1.55572e-17)
(9.57847 -1.12944 7.8184e-18)
(9.24753 -1.45681 0)
(7.86246 -1.30399 0)
(10.7023 -1.41135 2.20748e-18)
(8.26057 -1.09035 2.515e-18)
(7.09946 -0.917115 0)
(4.72152 -0.598168 -1.90538e-18)
(9.36164 -0.469182 0)
(8.25813 -1.0262 0)
(7.40239 -0.973266 -1.13925e-18)
(9.04273 -0.159765 -3.10244e-17)
(9.05385 -0.17954 -6.95087e-18)
(7.24902 -1.24407 0)
(4.27909 -1.43054 3.08902e-18)
(7.14905 -0.280745 4.16052e-18)
(7.90366 -0.747627 1.14154e-17)
(7.2843 -0.920309 2.80467e-18)
(8.01743 -0.946367 0)
(7.38136 -0.322403 -3.62015e-18)
(5.30335 -1.10554 0)
(11.6617 -0.00488073 4.80976e-18)
(8.86811 0.137194 3.89877e-17)
(9.01104 -0.028801 0)
(9.11675 -1.04164 1.66217e-17)
(8.99364 -0.0129925 3.15938e-17)
(7.48852 -0.277157 -2.3974e-18)
(8.42058 -0.375347 -3.38708e-17)
(8.49957 -0.462567 0)
(7.60318 -1.26868 -6.37739e-18)
(8.22173 -1.2899 0)
(6.80872 -1.19112 3.79019e-18)
(6.27269 -1.11732 0)
(8.12859 -1.02758 -2.97027e-18)
(7.6228 -1.29402 -3.62455e-18)
(7.12313 -0.0746494 -5.65933e-18)
(10.138 -0.0576292 -1.21668e-16)
(7.01148 0.012603 1.03944e-17)
(11.6439 -1.21967 6.87917e-18)
(9.66946 0.344885 -2.04186e-17)
(11.2089 -1.04483 9.59559e-19)
(9.51119 0.347722 9.11547e-18)
(8.05103 -1.34472 4.86743e-18)
(9.22513 0.427405 -1.10757e-17)
(8.30314 -0.948462 2.56748e-18)
(5.86728 -1.03957 1.43461e-18)
(3.95911 -0.700866 0)
(5.82913 -1.27823 5.56931e-18)
(7.45095 -1.26747 7.3275e-19)
(9.34492 -0.243786 0)
(8.44641 -0.206165 2.50394e-18)
(11.068 -0.845023 4.4781e-18)
(10.9888 -0.976281 -8.69619e-18)
(7.74827 -1.28205 1.71761e-19)
(6.61788 -1.11094 -2.98476e-18)
(9.19569 -1.30334 -9.2177e-18)
(6.75685 4.09545 -1.03622e-17)
(4.24728 2.36021 3.39792e-17)
(9.37176 6.38418 -7.72753e-19)
(6.29813 -0.439085 8.57686e-18)
(6.10722 -0.513309 -4.08557e-18)
(7.55673 5.60957 1.80268e-18)
(5.50588 4.58745 -6.40484e-18)
(7.57513 -1.13751 -1.07071e-18)
(5.97872 1.58932 3.16732e-18)
(9.41094 -0.965069 3.74884e-18)
(8.62302 -0.0565036 0)
(9.1102 1.15417 6.47274e-18)
(9.11148 -0.902824 -2.19167e-17)
(5.92871 0.697158 -1.50306e-18)
(6.25183 0.679341 0)
(7.60419 -0.608184 6.38903e-18)
(7.60403 -0.525113 -1.09536e-17)
(10.5284 -1.297 5.19299e-18)
(10.5616 -1.31532 -2.70847e-18)
(7.70832 -0.832343 -3.45093e-18)
(7.71209 -0.768258 7.19679e-18)
(6.00102 -0.996219 6.14327e-19)
(10.6488 -1.26633 -3.48569e-18)
(6.64836 -1.18669 -4.31487e-19)
(9.15959 5.30693 -6.79437e-18)
(16.183 3.46026 0)
(8.75332 4.86036 -4.46672e-19)
(7.53583 -0.462527 0)
(5.94453 2.41322 -6.86117e-18)
(9.03823 0.219526 0)
(9.0136 0.176945 0)
(4.48063 -0.89918 -9.54681e-19)
(7.93614 -0.998922 0)
(8.66061 -1.36188 0)
(8.10161 -0.995821 1.11725e-18)
(9.16705 -1.43291 -2.51134e-18)
(8.04664 -0.994728 2.55612e-18)
(9.66473 -1.30066 0)
(4.46748 -0.921039 -3.005e-18)
(4.56118 -0.783526 0)
(7.93892 -0.435191 1.11241e-17)
(4.99972 -3.08994 1.54647e-17)
(8.37213 -1.33237 -1.3463e-18)
(7.95275 -1.3721 0)
(5.15161 -0.945341 -1.75849e-18)
(6.72172 -1.1892 -1.61982e-18)
(7.96268 -1.338 4.02832e-18)
(6.41109 -1.1244 2.50472e-18)
(8.9217 0.612242 0)
(7.67487 -1.30842 0)
(5.26926 -1.26256 0)
(5.9532 -1.13305 -1.72211e-18)
(10.6656 -1.20516 -7.58412e-19)
(10.6228 -1.14166 0)
(8.21545 3.90681 2.2238e-19)
(5.2731 -0.929764 5.18664e-18)
(7.89701 -0.00692907 -1.34149e-17)
(3.69519 -2.06321 -3.08803e-17)
(9.04406 0.638996 -3.19338e-18)
(9.77005 -0.719971 -3.67794e-18)
(8.02484 -1.03205 1.93568e-18)
(3.76554 -0.682384 -9.69559e-18)
(9.09952 0.77829 3.12327e-18)
(7.436 -1.31685 5.64591e-18)
(7.97569 0.139621 -1.16089e-18)
(8.31548 -1.37087 -1.19242e-18)
(8.55663 -1.38654 -2.45802e-18)
(8.0929 -0.565279 8.14201e-18)
(8.5461 0.503128 1.15187e-17)
(9.44483 0.00756672 0)
(5.50021 -0.944825 -9.9054e-18)
(5.39448 -0.82984 -7.94805e-18)
(9.6513 -0.80492 0)
(4.32284 -0.470552 8.56425e-18)
(8.51994 -1.37283 6.64796e-18)
(5.52064 -1.74393 -5.93971e-18)
(7.8549 -0.383187 4.48066e-19)
(7.90773 0.256382 2.11653e-17)
(12.141 -1.26021 -1.07805e-18)
(11.9007 -1.33373 0)
(7.8401 -0.279011 -5.64931e-18)
(7.45923 -1.0851 2.3643e-18)
(5.20939 -0.878112 -1.63958e-18)
(7.24802 -0.942851 -6.19546e-18)
(9.85414 -1.3388 1.10293e-17)
(9.5167 -0.815137 -4.43818e-18)
(8.83275 -0.132948 0)
(7.6962 -1.29528 0)
(8.85024 -0.140024 0)
(7.74085 -0.233543 0)
(7.78882 -0.44879 9.3169e-18)
(7.52609 -0.132965 1.1466e-17)
(8.23957 -1.27094 -2.14269e-18)
(7.48046 -0.514866 0)
(8.27544 -1.19831 -5.99462e-19)
(7.21515 -1.25297 8.4689e-19)
(7.92532 -0.912003 -3.038e-18)
(12.3552 1.57483 0)
(7.87514 -1.24922 4.14791e-18)
(7.96631 -0.953813 0)
(12.6049 2.01381 2.92878e-17)
(9.12277 -1.41433 -1.50061e-18)
(3.80017 -0.646103 -8.83018e-19)
(7.62994 -1.32497 -2.69999e-18)
(8.26886 -0.509081 -4.6554e-18)
(11.0364 -0.533748 -1.01515e-17)
(8.7236 -1.36298 -3.03671e-18)
(8.59001 -1.37218 -1.40643e-18)
(6.24939 -0.214382 -1.06139e-17)
(6.38562 -0.270755 1.04322e-17)
(8.5698 1.28158 -3.80077e-20)
(10.9777 -0.687504 1.03405e-17)
(8.14827 -1.40392 0)
(5.32114 -0.935184 2.99319e-18)
(7.21383 -1.21636 0)
(4.96855 -0.87392 0)
(9.31028 -1.46144 -2.1789e-18)
(8.08461 -0.742443 4.82566e-18)
(10.0513 -1.4974 0)
(7.69189 -1.40932 0)
(8.03112 -1.24263 0)
(8.01079 -1.2396 -1.02875e-19)
(8.79584 -0.271054 0)
(9.05126 -0.246043 1.87203e-17)
(8.67588 -0.166191 2.17497e-18)
(8.84299 -0.156764 0)
(7.42406 -0.488754 -9.24179e-19)
(9.0632 -1.33541 6.09239e-18)
(9.1888 -1.31968 0)
(8.58329 -0.362546 -3.3648e-18)
(9.62885 0.0195852 -5.7676e-17)
(8.31853 -0.402143 2.7636e-18)
(8.2853 -0.628215 6.15991e-18)
(8.41636 -0.772243 -2.83014e-18)
(6.58908 -0.584008 5.67642e-18)
(6.8033 -0.603608 1.24738e-18)
(10.9359 -0.489034 1.53574e-17)
(9.43788 0.0215763 5.60318e-17)
(8.24562 -1.18722 0)
(7.29458 -0.983648 1.12969e-18)
(9.0908 -1.35407 -5.20251e-18)
(10.2665 -0.0145799 0)
(8.83782 -1.36384 0)
(7.5406 -1.09633 4.4843e-18)
(7.50678 -1.12473 0)
(7.62548 -1.05025 0)
(7.66516 -1.02686 1.68057e-18)
(10.904 -0.321256 2.50688e-18)
(3.45373 -0.612548 4.50016e-18)
(10.395 -0.930353 0)
(6.65845 -0.633408 -5.29328e-18)
(6.72448 -0.0945133 7.53034e-18)
(7.78851 -0.96753 -2.28433e-18)
(8.89984 0.107723 0)
(8.85906 0.102318 1.88327e-17)
(7.74643 -0.98667 2.79368e-18)
(9.88075 -1.41721 3.42571e-18)
(8.1605 1.79299 3.5122e-18)
(9.17763 -1.34093 1.00931e-17)
(9.3932 -0.311918 0)
(8.52587 -0.681303 -1.22101e-18)
(8.27841 -1.66675 1.70886e-17)
(5.54388 -1.15198 -2.61318e-17)
(8.49233 -0.830839 5.7559e-18)
(9.08289 -1.3463 -5.12761e-18)
(5.0466 -1.12659 -2.95504e-18)
(10.0275 -1.32581 -4.85007e-18)
(3.63882 -0.62132 2.10164e-18)
(8.67167 -1.41814 -7.54898e-18)
(8.17744 -1.28851 0)
(9.61346 -1.37731 0)
(7.49308 -0.606181 -2.95074e-18)
(9.32749 -0.3826 0)
(9.03281 0.0782844 -2.46586e-17)
(7.28992 -1.13825 0)
(8.30224 1.36644 -3.16079e-18)
(7.87321 -1.18869 0)
(7.82323 -1.19266 -4.07398e-19)
(7.91608 -1.15034 0)
(7.90488 -1.12481 0)
(7.24662 -1.21159 0)
(10.1929 -1.39354 -5.6593e-18)
(10.7316 -1.45556 8.20482e-18)
(9.20995 -0.156982 -3.69209e-18)
(9.1169 -1.33335 0)
(7.2497 0.901289 5.25353e-18)
(8.98519 -1.43698 4.74769e-21)
(13.3217 -1.07421 2.1794e-17)
(6.72473 -1.12164 1.61577e-17)
(4.57475 -0.76469 -1.44483e-17)
(11.1076 -1.19518 3.21247e-18)
(9.14181 -0.152387 3.07136e-18)
(11.0822 -1.0776 0)
(10.1738 -1.3 1.06382e-18)
(8.57771 0.000100106 9.12702e-18)
(9.12491 -0.178184 -2.10341e-17)
(11.58 -1.39362 0)
(12.998 -1.16796 3.27073e-18)
(14.7956 -0.98621 -2.26972e-17)
(11.2044 2.28432 -2.26071e-18)
(8.58001 -0.44825 0)
(9.09994 -0.0518131 0)
(9.93536 -0.0118539 7.40389e-19)
(9.58277 -0.00608398 1.04445e-18)
(10.8975 -1.12366 6.92009e-18)
(8.88599 -0.0699951 0)
(10.1063 -1.10961 7.28209e-18)
(10.1367 -1.0454 0)
(7.76201 -1.04757 0)
(7.80529 -1.02338 0)
(6.51194 1.50304 1.79537e-17)
(9.76325 -0.955324 2.48618e-18)
(10.1044 -1.35574 -1.43682e-18)
(11.038 -1.23047 0)
(8.72637 -1.36523 -2.16027e-18)
(10.9621 -1.1959 -3.68256e-18)
(10.1659 -1.2566 1.87157e-18)
(15.0272 -0.0463666 0)
(7.73451 -1.32578 -3.71464e-18)
(1.82149 0.227128 6.5623e-17)
(7.4312 -0.767712 1.74446e-18)
(7.46611 -0.720988 -6.91764e-18)
(7.37951 -0.773841 0)
(2.06761 0.945052 4.17182e-18)
(7.34086 -0.743072 0)
(8.34799 -0.791553 0)
(7.68167 -1.27473 1.57106e-18)
(7.24718 -1.20197 -1.70854e-18)
(6.89638 -1.19528 9.12687e-19)
(8.27006 1.95504 -2.708e-18)
(10.1079 -1.27414 1.8068e-18)
(6.45854 0.0191753 6.14643e-18)
(8.20962 -0.44528 -2.05877e-17)
(7.63223 -0.972511 2.99755e-18)
(7.58915 -1.00513 0)
(9.14163 0.034873 -2.23437e-17)
(7.71676 -0.921611 -5.16166e-18)
(7.75866 -0.900268 1.85302e-18)
(5.77434 -0.944124 0)
(6.87608 -0.30381 9.25661e-19)
(5.68847 -0.100948 2.54476e-17)
(8.3425 0.200466 0)
(10.2351 0.0577861 -1.4747e-17)
(2.8505 0.52461 -3.7324e-17)
(9.03369 0.0206667 1.85155e-17)
(9.05996 0.0304761 -4.16182e-17)
(8.83358 -0.015451 -3.23374e-17)
(6.9528 -0.23139 -1.62902e-18)
(7.6139 -0.758752 0)
(8.81707 0.00815762 0)
(8.04754 -0.282734 3.26652e-18)
(8.12287 -0.462412 2.08581e-17)
(7.66565 -0.729365 7.1955e-18)
(8.50463 -0.00553646 0)
(8.99664 0.0493779 3.48874e-17)
(8.97342 0.0627254 3.5129e-17)
(8.96807 0.0380942 5.82276e-19)
(7.84747 -1.27846 -3.34049e-18)
(10.347 -1.21755 -2.71766e-19)
(8.27793 -0.0271075 1.18376e-17)
(9.72839 0.0719933 -1.35547e-17)
(8.96811 0.00223494 0)
(7.84332 -1.4058 0)
(8.74871 0.571721 9.49525e-18)
(8.04403 -0.375058 0)
(7.87147 -0.932137 1.90218e-18)
(5.77086 -1.0819 0)
(4.60671 -0.716042 -6.76287e-19)
(8.26789 -0.755779 3.7608e-18)
(4.73918 -0.96009 -1.53036e-18)
(7.86147 -0.970017 -4.63857e-18)
(8.15001 0.82988 1.57698e-18)
(6.67697 1.27614 1.09776e-17)
(8.85398 -0.0432343 -1.55778e-17)
(6.24581 0.996138 0)
(8.22207 -1.30912 1.14129e-18)
(7.15667 -0.798881 -1.44528e-18)
(8.88555 0.0152802 2.82743e-17)
(8.98645 0.0123298 0)
(9.39058 -0.0304699 5.74893e-17)
(5.91905 0.940224 -1.00926e-17)
(6.03753 -1.07592 -3.04674e-20)
(8.79081 0.0548286 3.16812e-18)
(7.83449 -0.901882 -3.87933e-18)
(7.33959 -0.826985 0)
(6.64605 -1.15241 0)
(8.88565 -0.0359054 7.50687e-19)
(8.80933 -0.0778263 -1.10459e-17)
(8.93433 0.034275 -2.31005e-18)
(8.99841 -0.0485897 7.49064e-19)
(4.04634 -0.722653 -5.58946e-18)
(11.235 -1.27534 4.47732e-19)
(8.88012 -0.0415885 -9.82302e-19)
(8.62426 -0.258788 0)
(8.66549 -0.158535 3.68923e-18)
(8.56974 -0.208359 0)
(8.64141 -0.331186 0)
(8.57705 -0.345392 0)
(4.99583 -0.875605 5.42787e-19)
(6.19082 -1.09253 1.25362e-18)
(9.18172 -0.0688657 0)
(6.51117 0.0270928 5.49105e-17)
(9.69568 -0.293144 -2.92072e-17)
(8.88312 0.112166 -1.29827e-17)
(8.87327 -0.0458575 -1.73591e-17)
(6.42479 -1.14107 -9.69918e-19)
(8.57981 -1.04212 0)
(9.8604 -0.0263171 -5.40112e-17)
(5.24019 0.206416 -1.5162e-17)
(8.72593 -0.0915108 -8.48674e-18)
(8.67373 -0.0874624 9.56654e-18)
(8.86123 -0.0644589 7.44289e-18)
(8.98112 -0.0356035 7.3403e-18)
(8.87843 -0.0507367 -1.53723e-17)
(8.8573 -0.0396 3.20076e-17)
(9.33397 -1.42499 -3.44469e-18)
(9.06497 0.0285711 -1.99039e-17)
(7.61531 -1.15008 -4.08008e-18)
(8.86159 -0.0352868 -6.52014e-17)
(9.88432 -1.36117 1.28783e-18)
(10.1542 -0.841777 0)
(8.92775 0.127006 1.4936e-17)
(8.9303 0.13131 -3.1997e-18)
(9.00893 -1.37911 -2.81822e-20)
(10.1782 -0.907078 0)
(11.8616 0.327808 0)
(10.1438 0.11073 -6.94081e-17)
(9.23125 0.0206858 -1.99874e-17)
(9.63411 0.062164 0)
(8.39502 0.149212 1.23419e-17)
(8.45657 -0.384122 0)
(9.14304 0.042456 4.07579e-17)
(9.05693 0.0839095 -6.81721e-17)
(9.19729 0.078585 5.23452e-17)
(8.75189 -0.115415 5.5731e-19)
(8.81461 -0.0586384 -7.91554e-19)
(11.8095 0.0607813 -1.43061e-17)
(11.3396 -0.134856 -1.04506e-17)
(11.1929 -0.252444 1.02649e-17)
(11.195 0.2662 -3.60349e-17)
(11.4053 0.113474 9.95315e-18)
(9.08544 0.0782343 2.92755e-17)
(9.0022 0.0559497 -3.67167e-17)
(8.86506 0.2706 0)
(8.8332 -0.424181 2.60193e-17)
(8.90044 0.0575623 2.1718e-17)
(8.88037 -0.472099 4.17761e-18)
(9.02742 -0.0911095 -2.77832e-17)
(9.03581 -0.0736275 2.56396e-17)
(9.6841 0.0580995 -1.3699e-17)
(8.36449 0.0509241 0)
(3.52046 -0.768214 -1.09257e-18)
(8.3424 0.712806 -1.28561e-17)
(8.52802 0.814267 8.13e-18)
(9.08399 -0.0567973 -2.39742e-17)
(9.02399 -0.0661852 0)
(8.99277 -0.114522 0)
(8.92401 -0.00759948 1.85527e-17)
(9.02009 -0.123573 3.63899e-19)
(11.9635 -0.114796 -3.30397e-18)
(11.8287 -0.140094 9.17396e-18)
(10.5341 0.0188263 -6.99602e-18)
(10.6791 -0.858562 -5.05606e-18)
(10.3991 -0.0516833 2.80044e-17)
(8.31666 -1.16146 2.52485e-19)
(10.0601 -0.311207 0)
(8.88607 0.0824009 1.47213e-19)
(9.68695 -0.0496035 2.20077e-17)
(9.36503 -0.00919854 -5.52871e-18)
(9.05635 -0.0243242 -1.76871e-17)
(8.92662 0.0615472 -2.09608e-17)
(10.0599 -0.077961 5.4697e-18)
(9.93602 -0.0638398 -7.71284e-18)
(9.52958 -0.0108831 0)
(9.64439 -0.0108172 5.4846e-18)
(9.42396 -0.0277872 -9.6012e-18)
(10.0134 0.113867 -6.87067e-18)
(9.93879 0.0551195 3.54558e-18)
(8.96256 0.059528 5.4598e-17)
(7.74349 -0.0120278 0)
(7.70834 -1.30784 1.46718e-18)
(8.00588 -1.33276 0)
(8.00493 -1.26312 -9.84884e-19)
(7.79339 -1.3131 4.57878e-19)
(7.3198 -1.24641 -5.78882e-19)
(8.01086 -1.25841 1.09962e-19)
(9.98909 -0.124664 5.44134e-17)
(9.36546 -0.0803594 -5.33461e-17)
(10.1723 -0.0780389 -4.61336e-17)
(9.53268 -0.0579892 0)
(10.0652 -0.221451 4.6062e-17)
(8.72138 -0.369489 0)
(7.95382 -1.0244 0)
(8.85721 0.0453551 -1.68245e-17)
(7.08509 -1.25231 8.0902e-18)
(8.40086 0.325843 -4.6458e-18)
(10.059 -0.442657 0)
(7.37645 -0.406994 7.65061e-18)
(9.73362 0.0352295 3.33749e-18)
(6.62138 0.00517426 0)
(8.62605 0.59344 -1.36036e-17)
(9.56785 -0.075463 7.11379e-17)
(7.98401 -1.03793 3.09371e-18)
(7.37441 -0.570094 6.88358e-18)
(9.01059 0.00647467 3.86789e-17)
(8.44033 -0.676564 -1.60787e-18)
(6.91682 -0.145238 0)
(9.6752 0.0484021 3.09522e-18)
(6.61717 -0.00971008 0)
(7.52419 -1.15174 1.71964e-18)
(10.0537 0.0569933 -6.27175e-17)
(6.92264 0.120853 0)
(7.50209 -1.17528 2.33171e-18)
(8.38111 -0.613106 0)
(10.0711 -0.10074 -8.19043e-18)
(8.83104 0.634147 -7.6177e-19)
(8.79532 -0.0178081 2.4579e-17)
(6.71621 0.179142 -3.28377e-17)
(9.18532 -0.0917138 0)
(6.43899 0.0134926 1.2033e-16)
(8.56103 -0.153107 -9.57609e-18)
(8.5919 -0.156428 0)
(7.14439 -0.709141 0)
(10.3013 -0.0721739 2.57115e-16)
(10.0616 -0.181155 -4.65784e-17)
(3.71613 -0.127212 -4.37154e-18)
(9.9989 0.141825 9.11541e-17)
(10.1739 0.314493 2.6383e-17)
(8.63036 -0.191914 0)
(6.17389 -1.05058 0)
(7.07166 -0.762597 0)
(5.25218 -0.90297 0)
(2.56006 -0.151136 0)
(8.15262 -1.33261 0)
(8.80978 3.50079e-05 6.9079e-19)
(8.94242 0.0434843 0)
(8.98395 0.0284066 -1.96148e-17)
(8.93078 -0.0236515 -1.33499e-18)
(8.90929 -0.113864 0)
(8.5091 0.330828 0)
(9.18998 0.00297081 2.04436e-17)
(8.90715 -0.0238058 2.29097e-17)
(9.92202 0.00061075 0)
(8.71939 -0.118942 6.86008e-18)
(8.97601 -0.0568059 1.98412e-18)
(10.5213 -1.00296 -1.72167e-18)
(10.1013 0.0331244 -5.63756e-18)
(9.4299 -0.0278016 6.44535e-18)
(8.88706 0.0143994 3.08666e-17)
(10.177 -0.601467 -7.77315e-18)
(10.6063 -0.97642 -5.45122e-18)
(10.0935 0.461388 -1.16119e-17)
(9.79514 -0.061383 0)
(9.56427 -0.309315 -1.20106e-17)
(6.7866 -0.950665 2.61126e-18)
(8.97087 0.00200491 8.00949e-17)
(9.00842 0.0205957 -8.20445e-17)
(10.1469 -0.684027 -4.25988e-18)
(8.36537 -1.18201 -2.30492e-18)
(8.1297 -1.33824 1.10034e-20)
(10.1402 0.0411942 9.51097e-17)
(10.4388 -1.07823 2.92243e-18)
(6.4041 2.70028 2.71472e-18)
(6.81122 -0.837398 0)
(9.48179 -0.349267 -5.02869e-19)
(8.5944 -0.119759 0)
(8.62828 -0.119571 0)
(9.94942 0.581333 -1.70797e-17)
(8.27649 -1.24538 4.44516e-18)
(9.53198 -0.164999 -2.7567e-17)
(9.02677 0.175776 1.4449e-17)
(8.51818 -1.07893 -4.54146e-18)
(8.86803 -0.00920717 0)
(8.99392 0.000469441 -1.47066e-17)
(8.08495 -1.34442 -1.35428e-18)
(9.02197 0.196005 9.26644e-19)
(8.90416 0.0191538 0)
(9.22797 -1.23613 -6.45301e-18)
(7.27818 -0.664332 6.96266e-18)
(8.99966 0.135929 3.35591e-17)
(8.90083 0.016407 -2.26155e-17)
(9.73408 -1.26473 1.83571e-18)
(10.6144 -1.01783 3.62403e-18)
(8.91464 0.113178 0)
(8.65797 -1.38548 1.60898e-18)
(7.2293 0.19934 0)
(8.97646 0.130097 0)
(8.68049 -0.0239313 6.34335e-18)
(6.68305 0.21213 0)
(8.69837 0.0640289 -5.63713e-18)
(10.5571 1.46503 8.19872e-18)
(8.61378 -0.313172 3.42063e-18)
(8.11393 -1.34193 0)
(8.55246 -0.280472 8.16087e-18)
(8.68242 -0.210563 -1.20256e-17)
(8.50639 -1.38123 4.79634e-19)
(8.8787 -0.231673 -1.22803e-18)
(9.77147 -1.31951 0)
(5.09469 -0.927608 -2.12613e-18)
(8.99774 -1.41047 -9.57678e-19)
(10.4654 -0.410876 0)
(4.65896 -0.879296 -1.10738e-17)
(6.11648 -0.990934 6.83676e-18)
(6.4138 -1.19865 -1.0567e-17)
(4.92742 -0.91648 0)
(11.2578 7.33848 1.35467e-17)
(9.46573 0.0893786 0)
(10.2207 -0.296344 0)
(9.26604 0.0406939 7.06218e-18)
(6.15655 -0.0200988 0)
(9.79864 -0.458287 6.03157e-17)
(4.39422 -0.688713 1.86118e-17)
(9.53652 -1.38247 -3.52457e-18)
(9.65362 -1.35524 0)
(8.86462 -0.0766955 -2.66182e-17)
(9.27929 0.0531593 -4.75543e-17)
(9.54334 -1.37683 1.12338e-18)
(6.7279 -0.938332 5.44207e-18)
(10.2778 -0.245663 1.34755e-17)
(10.148 -0.182226 -1.93673e-17)
(9.14176 -1.35127 2.69164e-18)
(7.99098 -1.27165 1.80836e-18)
(9.92283 -1.10966 0)
(7.11754 -0.956209 2.3429e-18)
(7.03122 -0.978814 7.63564e-19)
(7.22073 0.00680921 1.3271e-17)
(5.64756 -0.369089 4.52505e-18)
(8.63271 -0.0263954 -6.63474e-18)
(6.94302 -1.00594 6.48545e-18)
(9.87481 0.161401 -1.09044e-16)
(9.11857 0.0699472 4.41793e-17)
(7.10555 -1.22194 8.34542e-18)
(7.93873 -1.29899 0)
(7.12539 -0.987414 0)
(6.93219 -1.19297 7.8494e-19)
(9.26179 -1.34175 -3.49244e-18)
(9.06955 0.0460336 2.32436e-17)
(7.98741 -1.29192 -1.59876e-18)
(9.06556 0.0423466 -5.20942e-17)
(8.90129 -0.0802585 2.08084e-17)
(9.86887 -1.06627 -1.54997e-17)
(8.53344 -1.37234 -1.58294e-18)
(8.20901 -1.35849 0)
(9.99158 -1.28675 0)
(10.0495 -1.24522 1.9419e-18)
(9.02314 -0.054333 -3.59064e-17)
(9.97294 -1.32746 0)
(8.55179 -1.08164 2.10997e-18)
(8.89416 -0.0417906 -1.20496e-17)
(8.86638 -0.0329797 1.30291e-17)
(7.57438 5.99323 4.59991e-18)
(10.0028 -0.895586 0)
(9.9445 -1.05337 0)
(9.81338 -1.20054 0)
(10.0664 -0.82845 0)
(9.28969 -1.33717 0)
(8.81705 0.0761396 1.94764e-18)
(10.0566 -0.757863 0)
(8.92151 0.101506 -5.31462e-18)
(8.89324 -1.19806 -2.33837e-18)
(3.2803 -0.376894 0)
(4.47253 -0.431832 -1.37992e-17)
(7.25393 -1.26145 0)
(8.98621 0.0303353 0)
(9.34169 0.0254224 0)
(3.51338 -0.613045 5.66476e-18)
(9.44997 0.029556 -2.70397e-17)
(8.95485 -0.972582 -3.62349e-18)
(8.72021 -0.815319 1.23476e-18)
(11.9801 -0.413299 2.32387e-18)
(11.7833 -0.503687 6.3607e-18)
(7.25303 -1.23334 0)
(9.83968 -1.1562 0)
(9.37537 -0.931034 5.54026e-18)
(8.85525 0.0279206 0)
(8.95686 0.0271409 1.00269e-16)
(8.36955 -1.23826 0)
(7.04619 -0.971589 0)
(9.39165 -1.06195 0)
(6.09507 -1.02719 1.04141e-18)
(9.05655 -0.00395742 3.28915e-17)
(9.01706 -0.0211412 0)
(8.58903 -1.10057 -7.15635e-19)
(9.74409 -1.23253 4.74231e-18)
(9.00589 0.00354612 0)
(7.7829 -1.31727 1.88284e-18)
(12.0548 -0.82376 -5.12024e-18)
(8.44027 -1.27822 1.24599e-18)
(9.36561 -1.36781 1.76066e-18)
(8.70557 -1.10992 0)
(10.6019 -1.48829 0)
(5.47607 -0.966466 -3.32425e-18)
(9.02127 0.00569616 2.35508e-17)
(6.4635 0.83312 -5.78108e-19)
(6.93805 -0.955642 6.31115e-18)
(7.73437 -0.638276 7.59109e-18)
(7.73531 -0.577994 2.56593e-18)
(7.67334 -0.515741 5.75318e-18)
(11.7692 -0.704428 4.22602e-19)
(8.68005 0.366754 0)
(4.92412 -0.891632 0)
(9.2264 0.00741159 2.05896e-17)
(9.06857 0.0224685 -1.93582e-17)
(9.05853 0.0152292 0)
(9.27518 -0.0439277 2.83458e-17)
(9.31217 -0.0512771 2.53116e-17)
(10.6463 -0.212155 0)
(3.52528 -0.624421 0)
(8.86895 -0.0392506 -1.87507e-18)
(8.58139 0.397276 0)
(8.89741 -0.051377 1.44558e-17)
(10.9668 -1.42001 0)
(8.39749 -1.33004 -9.9502e-19)
(9.88477 -0.0342053 5.7055e-17)
(5.4661 -1.09348 -6.21564e-18)
(8.29309 -1.27093 -1.1051e-18)
(5.07701 -0.846509 1.77154e-18)
(9.4189 0.0529182 0)
(6.57689 4.74474 1.78143e-18)
(9.09537 -0.026496 5.54208e-19)
(11.1883 0.883012 3.30998e-17)
(11.6285 0.750417 0)
(11.1992 -1.37741 2.37757e-18)
(11.6829 0.452307 0)
(8.50964 -1.16261 3.73845e-18)
(7.82561 -1.13467 0)
(8.09017 -0.525502 1.29126e-19)
(10.556 -1.1585 0)
(9.24148 -0.346303 0)
(8.4996 -1.18865 -2.82143e-18)
(8.17095 -1.26844 5.58438e-18)
(5.35679 -0.810165 -2.86877e-18)
(10.0661 -1.3816 0)
(9.11994 -0.051519 2.19816e-17)
(9.21658 -0.266611 2.65361e-17)
(4.77808 -0.863082 -7.57311e-18)
(8.1725 -0.479757 -5.03947e-18)
(7.47888 -1.24602 4.39254e-18)
(5.99373 -0.836919 1.05434e-17)
(7.53706 -1.20343 -4.60193e-18)
(7.09261 -0.390881 6.86177e-18)
(11.6934 -1.3818 -1.11178e-17)
(7.10543 -0.206299 -2.20863e-18)
(7.4604 -1.0272 -2.33216e-18)
(7.50541 -1.02449 1.9496e-18)
(7.44368 -0.990077 0)
(7.42704 -1.01187 3.3864e-20)
(11.2602 7.32775 0)
(10.2251 4.24735 1.27257e-17)
(8.71448 -1.33252 0)
(6.66914 0.0343134 -5.79147e-17)
(8.68923 -1.35523 -7.0333e-18)
(8.65786 -0.253468 0)
(8.32624 -1.3229 4.14836e-20)
(8.71924 -0.27091 8.22558e-19)
(7.07494 0.00638011 -9.53562e-17)
(8.86563 -0.132672 -4.21255e-20)
(8.60147 0.0401277 1.46544e-17)
(8.64711 0.0292023 -2.16971e-17)
(8.8151 -0.16831 -9.47972e-18)
(8.81828 0.405908 -2.48298e-18)
(6.54817 -0.874217 -7.84623e-19)
(8.86988 -0.638452 6.59542e-19)
(9.58428 0.0207459 0)
(8.3338 -1.27072 0)
(7.68221 -0.126898 -1.45879e-18)
(8.90353 0.434023 -8.45478e-19)
(6.40657 0.0173824 0)
(4.12587 -0.553571 -4.03874e-18)
(11.3541 6.21094 -2.10775e-17)
(8.94215 0.487182 1.88089e-18)
(7.78802 -0.70888 6.78851e-18)
(8.27544 -0.485457 2.03381e-18)
(11.4013 -0.958093 0)
(7.33331 -0.163963 0)
(9.12304 -0.4795 -1.64267e-17)
(11.8637 -1.06516 0)
(6.02883 -0.538192 -3.76494e-18)
(10.5204 -0.916991 0)
(9.92557 -0.920522 0)
(9.17827 -0.377036 -2.88339e-18)
(10.0222 -0.985925 0)
(9.98246 -1.10569 -3.8492e-18)
(6.40893 -0.474825 1.37725e-18)
(6.61411 -0.397322 3.90304e-18)
(10.5102 -0.735973 0)
(10.6221 -0.842042 5.50985e-18)
(9.09907 0.548639 -1.87388e-17)
(10.6246 -0.756348 0)
(9.19521 0.531649 3.86428e-17)
(9.58632 0.184604 1.03609e-17)
(8.8862 0.0917276 -1.6381e-17)
(9.1727 -0.0112202 -4.9985e-19)
(9.14166 0.287066 -4.9894e-17)
(7.01557 0.0150382 -9.64537e-17)
(8.82106 -1.44579 0)
(6.49329 0.00613702 -8.0855e-17)
(9.03998 0.467024 4.23041e-18)
(10.104 0.109484 1.60253e-17)
(9.77892 0.140777 3.0361e-17)
(9.51259 0.0234233 -2.69766e-17)
(10.0681 -0.0355527 -5.72142e-17)
(9.81312 0.201213 0)
(7.08351 -0.0958801 -2.59244e-16)
(9.78322 -0.191408 5.10163e-17)
(12.3258 0.135313 7.40969e-18)
(6.58902 0.0137035 0)
(8.89374 0.113703 -4.32702e-17)
(12.4742 -0.294556 1.18548e-17)
(10.289 -0.558373 -1.63036e-17)
(7.35694 -1.21138 -4.58363e-18)
(9.31415 0.395605 2.15988e-17)
(10.1699 6.55102 -2.84327e-18)
(9.30419 0.307135 -9.59346e-17)
(8.77932 -0.628874 -2.51168e-18)
(8.62968 -0.529459 1.18517e-17)
(7.42658 0.64092 -1.5261e-17)
(10.9222 6.69412 -8.76219e-18)
(8.58607 -0.725205 -3.64968e-18)
(6.58902 -0.224387 0)
(9.54535 0.116575 0)
(9.62384 -0.131749 -5.73728e-17)
(6.8162 0.248841 0)
(6.35121 -0.132836 1.43291e-16)
(8.89726 0.216071 -8.59364e-17)
(6.3639 0.0974351 0)
(8.92553 -0.210021 0)
(6.40017 -0.0150696 0)
(7.2327 -1.07033 1.32088e-18)
(8.92269 -1.37327 -3.6584e-18)
(9.07637 -0.0992219 -2.00893e-18)
(8.71445 -1.37027 0)
(10.2471 -1.06306 1.08498e-17)
(10.8628 -0.717251 -3.15693e-18)
(9.09404 -0.0598154 0)
(12.0257 -1.37528 4.50267e-18)
(7.28373 -1.1444 1.36546e-18)
(12.2655 -1.23993 1.11958e-18)
(4.00048 -0.592344 1.32106e-17)
(5.47629 -0.849216 8.87888e-18)
(7.35747 -1.04459 0)
(7.31269 -1.04268 -1.22123e-18)
(11.9204 -1.38028 -7.16942e-18)
(8.0624 -0.933996 0)
(8.86218 -0.035621 3.8258e-17)
(8.89807 -0.0248135 -1.82651e-17)
(7.9363 -0.690473 7.86844e-18)
(8.86888 -0.0251054 0)
(10.3225 -1.50233 -3.51199e-18)
(9.07789 -1.45263 0)
(6.98379 -1.2742 2.06586e-19)
(7.87463 -0.648 5.39039e-19)
(9.34279 -1.44179 1.06474e-18)
(6.09388 0.357559 -5.33567e-18)
(6.77521 -1.27564 -2.51944e-18)
(6.59109 -0.0670205 9.35496e-17)
(6.54262 4.20358 -1.34203e-18)
(6.15888 0.19556 -5.01594e-18)
(9.47462 -0.713444 1.16301e-17)
(6.43931 0.170933 5.04295e-18)
(6.72597 0.309286 0)
(9.07434 0.180972 3.28073e-17)
(12.4363 -1.09784 1.89631e-18)
(8.20109 -1.13919 0)
(4.4873 -0.69792 0)
(8.75793 0.0421135 8.05532e-18)
(8.67664 0.048966 -6.14755e-18)
(6.50131 -0.972444 -3.41909e-18)
(6.22472 -1.03304 -7.36062e-19)
(6.76018 1.20344 3.69557e-17)
(8.40985 0.851115 -1.87912e-17)
(8.21309 -1.16934 -1.33046e-18)
(7.47531 0.480265 1.47844e-17)
(7.29142 2.00051 -3.55487e-18)
(5.20293 -0.950002 0)
(6.86199 -0.989079 -7.69066e-18)
(5.18317 -0.961786 1.49956e-18)
(7.67361 2.42621 5.51395e-17)
(6.10279 -0.992352 -3.04375e-17)
(8.16153 -1.21325 1.52211e-18)
(7.55678 1.62095 2.00834e-17)
(4.25909 -0.680752 8.89707e-19)
(7.47643 0.13024 -2.60127e-17)
(9.06845 0.294363 0)
(8.57819 -1.01746 1.91162e-18)
(7.64935 0.137809 0)
(9.15348 0.257715 2.41419e-17)
(8.0983 -1.26174 -1.7105e-19)
(8.10439 -1.30041 1.44922e-18)
(7.59075 -0.6796 4.86357e-18)
(8.84142 -0.183691 2.37956e-18)
(8.12863 -1.27272 1.71843e-19)
(12.1657 -0.961962 6.12644e-18)
(9.01083 0.172293 2.5575e-17)
(9.76976 -1.03919 -2.28327e-18)
(7.9333 5.8439 0)
(5.84687 4.09853 1.69272e-18)
(8.03841 -1.30012 -1.66528e-18)
(10.7613 -1.05006 -2.63471e-18)
(7.8633 -0.580002 0)
(12.5812 -1.07257 8.292e-20)
(10.6734 -1.06167 0)
(10.3015 -0.729023 0)
(9.67845 -1.3202 1.12072e-20)
(9.6234 -1.34727 -3.35627e-18)
(7.7851 -0.827885 -5.07535e-18)
(12.7114 -0.893666 0)
(6.35603 -1.098 -2.54767e-18)
(7.94061 -0.524517 0)
(12.8405 -1.20317 -5.00629e-18)
(9.5841 -0.110869 -1.43912e-17)
(10.2815 -1.08409 -5.71563e-18)
(12.9561 -0.863736 3.33048e-18)
(9.57134 0.638556 2.25733e-17)
(7.23521 -1.29298 5.1352e-19)
(6.82302 -1.15968 0)
(6.78501 -1.15942 -2.74928e-18)
(8.34038 -1.3875 3.98147e-18)
(8.5909 -0.787864 0)
(10.007 -0.0237203 7.48805e-18)
(8.12392 -1.20045 -1.59956e-18)
(9.42204 0.473454 -1.52035e-17)
(9.42799 0.564874 -2.21164e-17)
(9.89762 -0.542579 0)
(9.08611 -1.30458 0)
(10.0124 5.72699 7.59414e-18)
(8.76667 0.130454 3.54583e-18)
(7.54831 -1.27924 -5.13754e-18)
(7.67081 -1.27087 5.52996e-18)
(8.82781 0.138283 1.55334e-18)
(4.82182 -0.816144 -3.79693e-18)
(9.15084 0.013246 -4.41113e-17)
(9.08086 0.0109723 -1.02874e-16)
(7.48223 -1.27133 -4.53417e-18)
(9.07575 -0.00727118 7.75252e-17)
(7.58807 -0.925093 -2.79403e-18)
(9.07574 -0.0388439 -4.83367e-17)
(9.83422 0.142867 3.78681e-17)
(9.71184 0.208808 -2.81145e-18)
(9.09569 -0.0086689 7.81881e-18)
(9.09956 0.0337099 1.23539e-16)
(7.19827 -1.24751 8.34013e-19)
(8.62635 0.18472 1.895e-17)
(10.0256 0.27024 -5.7996e-17)
(9.20241 0.107531 -6.33239e-18)
(8.70475 -0.154386 5.8332e-18)
(6.19575 -0.109416 0)
(8.80052 -0.23685 0)
(8.783 -0.202102 -3.4088e-18)
(9.61652 -1.43102 0)
(9.80322 -1.44923 0)
(7.71173 -1.26545 -4.8054e-18)
(6.67938 -1.17895 -5.84887e-18)
(11.2769 -1.4251 6.00453e-18)
(9.14739 -0.286715 2.61979e-17)
(9.12475 -0.348836 -1.81756e-17)
(10.565 -1.44106 -6.65447e-18)
(8.93231 -1.23458 -1.05646e-17)
(9.99154 -0.579499 -4.68646e-18)
(6.88384 -1.22594 2.80176e-18)
(8.09066 -1.22843 -6.49389e-19)
(6.9848 -0.634517 -4.37488e-18)
(7.95313 0.718904 5.46798e-17)
(7.99868 0.421319 -6.18218e-18)
(6.81304 -0.710532 3.12364e-18)
(9.32224 0.0749284 1.01784e-17)
(6.87187 -0.655838 3.58922e-18)
(6.69398 -0.299302 -4.56249e-18)
(10.085 6.06465 2.74795e-18)
(7.62589 -1.2911 0)
(6.94768 -1.21216 3.05786e-18)
(9.4684 -0.492174 -1.10221e-17)
(6.6019 -0.218323 -1.35569e-17)
(11.3081 3.26099 1.2827e-18)
(7.81285 -1.32217 -5.49541e-19)
(8.10181 -1.34711 0)
(8.50171 -1.34324 0)
(9.60569 0.0406782 -1.98617e-17)
(5.38139 3.87991 1.44712e-19)
(9.54328 -0.555961 0)
(9.66975 -0.535438 0)
(10.543 -1.09456 4.21908e-18)
(7.26493 1.16088 2.41513e-17)
(9.97641 -0.708268 9.78489e-18)
(10.0961 -0.515267 9.87953e-18)
(8.43115 -1.40912 0)
(10.4362 -0.960171 0)
(10.6796 -0.495935 -1.2589e-17)
(10.3666 -1.05101 0)
(7.51508 -1.26055 1.12886e-18)
(6.59117 -1.13182 -5.97071e-18)
(13.5902 0.783652 -1.1119e-17)
(9.11219 -0.534693 3.18562e-19)
(6.1671 -0.955905 1.53195e-17)
(9.07478 -0.187832 0)
(9.82955 -0.0931527 -4.48061e-17)
(9.13419 -0.242459 0)
(10.2348 -0.0748828 -1.20036e-16)
(7.07616 -0.0536881 1.34113e-16)
(8.95755 -0.112995 3.67429e-17)
(8.95789 -0.0720775 -2.20949e-17)
(10.4032 -0.0356085 0)
(4.34868 -0.693301 -1.51742e-17)
(8.84672 0.0570248 2.12629e-17)
(8.20604 -0.825304 -4.51555e-18)
(6.73427 -1.29452 0)
(8.13921 -0.791159 -2.67286e-18)
(7.21321 -1.3847 8.41757e-19)
(7.38361 -1.11488 0)
(7.37428 -1.0834 2.70917e-18)
(7.42666 -1.07747 -2.47429e-18)
(8.94759 2.29122 3.94716e-18)
(9.56815 2.78744 9.78204e-18)
(8.89221 -0.0811915 -4.57492e-17)
(9.03483 0.0922904 -4.98023e-17)
(8.50705 -0.914264 -5.48211e-18)
(8.01746 -1.18665 -5.8523e-19)
(8.34351 -0.387118 3.02627e-17)
(8.2676 -0.325467 0)
(10.1345 -0.411115 0)
(8.52419 -0.202233 -4.43513e-18)
(8.04859 -1.18958 1.1595e-18)
(8.49076 -0.126426 0)
(8.39616 -0.183546 0)
(8.44484 -0.100602 2.77516e-18)
(7.4451 -1.18349 -5.19624e-18)
(8.99214 0.108376 0)
(6.64027 -1.16674 7.57461e-18)
(9.01504 0.0880413 7.62763e-19)
(9.1487 1.78146 -4.32501e-18)
(7.87232 -1.3248 6.94602e-18)
(6.6987 -1.33203 -2.89476e-18)
(8.36758 -0.904455 0)
(8.51809 0.111763 -2.17959e-17)
(8.1411 -1.35531 0)
(9.41575 0.192375 -1.22266e-17)
(10.4317 -1.30677 1.52687e-18)
(9.29824 3.58747 -8.9575e-18)
(8.43854 -0.950266 0)
(9.07291 -0.158529 5.79251e-17)
(4.37824 -0.734066 0)
(9.82943 0.819654 9.04381e-18)
(8.30874 -1.00119 0)
(9.02992 0.0779683 0)
(8.0444 -1.36896 0)
(9.73822 -0.229639 9.26597e-18)
(8.12912 -1.30206 0)
(7.90409 -1.37549 0)
(9.14858 -0.0248996 -5.55538e-19)
(8.11047 -1.07001 -2.84963e-18)
(9.06329 0.0599274 -3.17769e-17)
(8.30807 -1.11295 -2.35155e-18)
(9.85583 -0.195612 0)
(5.39604 -1.32412 -1.23592e-18)
(8.18332 -1.07804 1.58715e-18)
(9.23377 0.24805 4.84672e-17)
(9.29371 -0.542766 2.55295e-17)
(7.24737 -1.2504 2.07105e-18)
(9.18655 0.0449961 0)
(8.13866 -1.33347 -5.43673e-18)
(8.34375 -0.477898 -8.80306e-18)
(8.58136 -0.0788236 2.26902e-17)
(8.12951 -1.33961 6.9394e-19)
(7.87463 -1.53405 1.55874e-18)
(7.27513 -0.907255 0)
(7.2592 -0.934761 0)
(6.15442 1.3703 -4.80532e-18)
(11.1024 2.51198 -3.81107e-17)
(11.5461 1.97539 3.51705e-17)
(8.82148 -1.36997 0)
(4.74056 0.542799 -2.27139e-17)
(11.9577 1.66683 -6.01726e-18)
(8.89946 -0.028431 1.82407e-17)
(10.5082 -1.35067 6.81246e-18)
(9.62094 0.179846 -6.9501e-18)
(8.82601 -0.0470265 7.97344e-18)
(6.1002 5.20145 -3.99107e-19)
(8.91106 -0.0206799 -5.44029e-17)
(8.24077 -1.32224 -5.17422e-18)
(5.83432 -0.930283 0)
(9.32384 -1.38878 0)
(11.3708 -1.35124 -8.65605e-19)
(6.44289 -0.828302 1.25675e-17)
(6.43309 -0.902633 -1.28713e-17)
(15.4161 0.97613 0)
(10.4701 -1.33954 -5.26747e-19)
(7.94657 -1.35376 0)
(8.55856 -1.39279 0)
(10.0122 -1.46232 -6.60484e-18)
(9.25459 -1.4436 0)
(9.00825 -0.117964 2.8456e-17)
(10.4019 -1.46557 2.67588e-18)
(10.2009 -1.47316 0)
(9.04502 0.403259 0)
(7.50856 0.964529 -2.01355e-17)
(8.99454 0.036131 -2.85692e-17)
(9.09326 0.382986 0)
(8.84313 -0.127112 1.04839e-18)
(8.81042 -0.150481 -3.16386e-18)
(7.83851 -1.25701 1.05433e-19)
(9.6193 -0.0182737 -7.84041e-17)
(8.10694 1.17644 6.31407e-18)
(10.1048 0.0502659 0)
(9.4217 -0.0392141 0)
(7.80466 -0.540463 -1.9293e-18)
(8.8485 -1.40828 3.55624e-18)
(6.92687 -0.375661 -9.4405e-19)
(7.30719 1.09646 -1.16873e-17)
(3.8472 -0.716965 0)
(8.05558 -1.2759 0)
(10.2579 2.53827 4.62425e-18)
(8.03133 -1.25695 1.37824e-18)
(8.85815 -0.0888993 4.40698e-17)
(8.00373 -1.27907 4.31279e-19)
(9.00306 0.0299794 -4.31368e-18)
(8.08382 -0.879638 2.11406e-18)
(10.4214 -0.815506 5.39234e-18)
(10.3332 -0.819057 -6.25563e-18)
(8.8944 0.0945816 -4.12117e-17)
(8.99036 0.144519 -8.52821e-18)
(11.3238 -0.522977 2.55977e-19)
(11.3005 -0.686144 0)
(10.1398 -1.44686 0)
(9.54812 -1.29975 -7.11239e-18)
(7.7104 -1.56094 8.68859e-18)
(8.97142 0.00956498 0)
(8.50776 -0.0754192 2.25822e-17)
(9.95339 -1.24226 -5.3355e-18)
(6.53044 -0.953996 -6.51418e-18)
(8.5342 -0.0993382 -2.1431e-17)
(9.52225 -0.0486757 -5.68109e-17)
(8.93188 -0.0676945 7.05786e-17)
(3.50167 -0.634 0)
(6.34753 -1.1025 7.46456e-18)
(15.6392 2.3691 0)
(9.3762 -0.0412545 0)
(15.976 1.57822 -8.61437e-18)
(15.4838 -0.722192 1.74591e-17)
(9.43436 0.00783501 -2.19036e-17)
(9.70617 -0.0611124 6.54332e-17)
(9.60732 -0.00506922 3.24408e-17)
(9.65078 -0.0398941 -1.84086e-17)
(9.52934 -1.48352 3.1984e-18)
(8.9683 -1.46085 -1.68911e-18)
(9.90386 -1.25184 2.69818e-18)
(8.14075 -1.09815 -1.0031e-18)
(8.13045 -1.12208 2.29119e-18)
(8.84883 -0.11465 2.07379e-17)
(8.9893 -0.102029 0)
(12.5759 3.82822 0)
(8.84997 -0.0986743 0)
(6.81361 -1.5482 -4.95205e-19)
(7.49943 1.29238 -8.62045e-18)
(9.64013 0.146032 -3.39841e-17)
(9.23563 -1.43224 0)
(9.89633 -1.2296 0)
(10.2125 -1.15345 6.72798e-18)
(8.68622 -0.0557387 -1.07635e-17)
(8.83602 -0.0454505 1.72019e-18)
(9.00021 0.0355508 4.89557e-18)
(7.56558 -1.34159 0)
(8.93009 0.108512 -4.10007e-17)
(8.86371 -0.0111849 -4.04378e-18)
(5.20945 -0.874183 0)
(12.7739 5.65061 1.77139e-17)
(10.013 -1.19533 0)
(8.73191 -1.4064 0)
(6.92768 -1.19628 -6.77282e-18)
(9.59601 -1.4615 0)
(6.58249 -1.10338 1.46119e-18)
(8.95126 0.127606 0)
(8.02939 -0.896454 2.73411e-18)
(8.0836 -0.836956 4.11679e-18)
(4.9161 -0.0588665 2.54002e-17)
(8.877 -1.36306 -1.91971e-18)
(8.98979 -1.18756 0)
(8.33435 -1.5181 -1.02658e-17)
(14.2499 6.90442 0)
(7.64891 -1.21499 0)
(7.7068 -1.19989 -1.44439e-18)
(8.51226 -1.37224 0)
(7.72613 -1.14388 2.89125e-20)
(8.22099 -1.10976 -2.58972e-18)
(8.45426 -1.38505 -2.39824e-18)
(6.61064 -1.91708 2.15575e-18)
(8.58109 -1.39996 5.77306e-18)
(9.8337 -1.43476 0)
(9.80689 0.245531 3.02272e-17)
(9.90118 -0.0025967 2.82652e-17)
(9.22915 0.00824959 0)
(10.067 0.0578814 1.40868e-16)
(7.05257 -1.28256 -3.35168e-18)
(7.29676 -1.28998 0)
(7.0671 -1.02388 1.4734e-18)
(9.01878 -0.0490048 0)
(9.81415 -1.41428 5.74926e-18)
(8.12715 -0.927499 -2.75818e-18)
(3.01423 2.00923 -1.11607e-18)
(10.0367 -0.0245418 -1.53542e-16)
(8.97009 0.153915 0)
(8.96211 0.15631 0)
(7.70826 -0.421962 -9.34438e-18)
(7.66223 -0.347574 1.95493e-18)
(14.1875 -0.406276 -7.13731e-18)
(9.64273 0.23463 -3.78624e-17)
(10.0047 0.447848 4.45507e-17)
(10.3165 0.41321 5.62663e-17)
(8.17411 -1.03956 1.38942e-18)
(8.85081 -0.00627367 -3.85495e-17)
(6.25398 -1.793 3.31353e-18)
(8.1994 -1.35785 0)
(5.15214 -2.78111 0)
(7.25904 0.626703 -3.72356e-18)
(7.73133 0.864886 -1.66669e-18)
(8.78803 0.0392199 1.16654e-17)
(10.1024 0.0256199 -2.81202e-17)
(7.55504 0.822622 1.42289e-17)
(5.29689 -1.61794 3.65467e-18)
(8.94048 0.0674705 -4.93718e-17)
(8.93726 1.39729 -1.07926e-17)
(8.53184 -1.23398 1.07891e-18)
(7.72773 -0.402676 2.37854e-19)
(8.21776 -1.31387 0)
(6.25408 -0.997761 0)
(7.34741 -1.27071 0)
(4.85535 -0.799632 0)
(9.19595 -0.0206699 4.73494e-17)
(7.67203 -1.11772 -1.48523e-18)
(7.71181 -1.11579 0)
(9.10652 -0.0337805 -2.00618e-17)
(9.16408 -0.0613748 -1.22055e-17)
(8.93488 0.204765 -2.72727e-18)
(7.3502 -0.887172 4.56354e-18)
(9.92255 -1.17207 4.31672e-18)
(9.85226 -1.20002 -3.34529e-19)
(9.57468 0.845651 4.99202e-18)
(8.92965 0.166767 1.32182e-19)
(10.389 0.280523 -1.18433e-17)
(8.86003 -0.0320995 2.8902e-17)
(8.8552 -0.0292725 0)
(8.18549 -0.946337 1.82431e-18)
(7.78324 -1.26711 3.47955e-18)
(7.77287 -1.21244 -3.74217e-18)
(9.48096 -0.0236906 -1.97495e-18)
(8.21032 -1.00584 -2.28683e-18)
(8.43834 -1.35267 -3.18787e-20)
(8.33743 -1.45722 0)
(9.42069 0.0543805 0)
(7.07774 -0.90334 -2.35206e-18)
(8.95776 0.0982152 1.35835e-17)
(7.15492 -0.847185 -4.02556e-18)
(7.04846 -0.883611 -2.22709e-18)
(5.38574 -0.986459 0)
(7.08043 -0.861599 5.83533e-18)
(8.88651 -0.0412122 0)
(8.86497 -0.0284468 1.30929e-17)
(9.40659 0.259078 -1.44546e-17)
(10.3234 0.503509 4.67782e-17)
(9.40629 0.898637 -2.24774e-17)
(8.85841 -0.0815301 -4.95269e-17)
(8.85716 -0.052383 -1.71021e-17)
(5.77249 1.10594 2.02254e-17)
(8.84895 -0.0779658 -1.46901e-18)
(8.85401 -0.0660255 1.70987e-17)
(9.37657 1.11922 1.27169e-17)
(5.37708 1.39724 -8.35225e-19)
(7.50077 -0.874808 -9.03816e-19)
(7.53632 -0.828467 -7.29211e-19)
(9.3103 -1.35846 0)
(9.06462 5.79977 0)
(6.951 4.04672 1.37239e-18)
(5.80629 -1.10935 1.40709e-18)
(9.78008 -0.630982 3.64706e-18)
(3.90039 -0.68171 3.61448e-18)
(10.07 -1.47498 0)
(8.44236 -0.318269 -1.23314e-17)
(8.9249 0.306427 -4.16283e-18)
(9.77159 -1.41931 0)
(9.30937 -1.36339 8.68799e-19)
(8.0629 -1.12658 1.09283e-18)
(8.02312 -1.14059 -2.50551e-18)
(8.04217 -1.06608 -3.16102e-18)
(8.07618 -1.08218 2.85152e-18)
(7.99808 -0.670776 -1.35254e-17)
(5.99069 -0.436851 8.69921e-18)
(6.94862 -0.853775 0)
(7.98383 -0.801501 2.24767e-18)
(8.04292 -0.71592 3.2031e-18)
(10.313 -0.0229826 8.01604e-17)
(8.77567 0.017167 9.47659e-18)
(8.7105 -0.00261658 0)
(6.66259 -0.815813 9.75585e-19)
(5.35683 -0.900725 3.30166e-18)
(3.74135 -0.747918 3.1531e-18)
(8.35373 -1.05228 1.34742e-18)
(14.3858 -0.43793 2.02247e-17)
(7.39235 -0.641123 0)
(4.23814 -0.746608 -1.97048e-18)
(11.2727 -1.43029 -7.24423e-18)
(10.6537 -1.46562 3.515e-18)
(8.03058 -0.788018 -2.21849e-18)
(3.78838 -0.462729 -1.42285e-18)
(8.91942 -0.3284 1.36658e-17)
(10.2737 -0.0595044 -8.64996e-17)
(9.69045 -0.352158 3.87453e-17)
(9.0626 0.217379 -8.77212e-19)
(6.86011 -0.748347 3.10148e-18)
(3.90244 -0.512468 -1.31334e-18)
(6.92846 -0.984624 1.60009e-19)
(9.94369 -0.0158995 1.21422e-17)
(9.97357 -0.0278967 -1.22304e-17)
(6.00871 0.0645626 -8.92965e-19)
(7.43806 -0.026654 1.36085e-19)
(6.95655 -0.733543 -2.62716e-18)
(6.77765 -0.808602 0)
(8.10967 -1.4254 -5.41574e-18)
(7.39713 -1.15703 3.49155e-18)
(8.14461 -0.224513 -2.81376e-18)
(6.6986 -1.16759 -6.24004e-20)
(6.3923 -1.12786 -2.25748e-18)
(7.48772 -1.26758 2.97675e-18)
(7.16946 -1.24738 2.04423e-18)
(7.25874 -0.846222 3.42319e-18)
(7.2291 -0.82556 1.75928e-18)
(8.79592 -1.28657 1.89717e-18)
(7.71909 -1.31017 0)
(6.47237 -1.0327 0)
(9.73706 -0.410252 6.95037e-18)
(9.23673 -1.44831 -1.10024e-17)
(8.48953 0.171608 -2.30116e-18)
(8.15088 -1.14793 0)
(7.13167 -1.51159 2.55114e-18)
(10.8929 -1.25853 0)
(9.44227 -0.018001 7.29667e-17)
(8.37936 -0.993526 0)
(8.22795 -0.899951 -2.70914e-18)
(6.77917 -1.48859 -1.05297e-17)
(7.45039 -0.665423 3.50475e-18)
(9.16525 0.354953 0)
(4.44986 -0.853309 -9.95087e-18)
(10.2518 0.250663 1.11263e-16)
(10.3226 0.140045 -1.0161e-16)
(5.96235 -1.0466 -2.55079e-18)
(6.03278 -0.587509 -5.77403e-18)
(9.07336 0.0592509 5.51694e-17)
(8.8065 0.0617334 -7.75777e-18)
(8.86366 0.0195035 7.43208e-18)
(8.79802 0.0230895 1.75896e-18)
(8.748 0.068474 -1.81083e-18)
(7.89827 -1.29568 -1.59334e-18)
(8.52715 0.0244204 -8.19804e-18)
(9.42055 -0.0260657 -1.21205e-17)
(6.46446 0.0162979 1.51549e-17)
(8.54599 -0.0108393 1.108e-17)
(6.81311 -1.17821 1.47688e-17)
(5.39638 -0.995321 3.82369e-20)
(8.54656 -0.0645781 -1.33768e-17)
(9.87145 -0.412691 -1.17218e-17)
(9.08691 0.0361583 0)
(9.07182 0.0330493 5.73063e-17)
(10.5 -0.0687062 0)
(10.3216 -0.169573 0)
(7.29571 -1.2471 -1.57042e-18)
(7.14973 -1.21571 2.92524e-18)
(5.50662 -1.40058 0)
(9.97242 -1.47386 2.3623e-18)
(6.41858 -1.11268 0)
(6.31917 -1.09771 3.56626e-18)
(5.11195 -0.607801 -1.21728e-17)
(4.5324 -0.775137 -1.69764e-17)
(8.86831 0.0390407 -2.14365e-17)
(8.92977 0.0396031 1.45406e-17)
(7.01036 -0.947502 -7.79779e-19)
(10.1461 -1.42374 3.99205e-18)
(7.37671 -0.848288 -5.39674e-18)
(3.79727 -0.647745 2.10041e-19)
(5.03523 -0.651128 8.89603e-18)
(5.80324 -0.55648 0)
(13.2734 2.89659 -2.57676e-17)
(3.27215 -0.577479 0)
(8.84071 -0.434324 9.73876e-18)
(8.3395 -0.377716 5.98669e-18)
(6.30338 -0.826252 -7.39031e-18)
(7.03798 -1.21087 0)
(7.15848 -1.21897 2.39239e-18)
(7.12989 0.291419 2.15627e-17)
(6.42101 -0.583597 -1.3448e-17)
(7.30715 -0.0900346 -1.31881e-17)
(8.0087 -0.583666 5.17892e-18)
(8.41006 -1.08252 4.95932e-18)
(7.52786 -1.27474 0)
(8.12417 -1.35288 0)
(8.03995 -1.33579 0)
(10.3662 -1.09694 -2.994e-18)
(6.76337 -1.19282 1.78443e-18)
(6.29958 -1.0711 0)
(5.53251 -1.13475 -1.15776e-18)
(10.2994 -0.986789 0)
(9.30491 0.141343 1.06405e-16)
(8.67538 -0.757371 0)
(10.3551 -0.00332082 9.24561e-17)
(7.6561 -1.29615 -3.78809e-18)
(14.35 -1.18647 6.33153e-18)
(8.6413 -0.517694 -1.79642e-18)
(8.79099 -0.594997 1.98727e-18)
(6.56452 -1.07883 -5.57337e-21)
(9.25974 0.764905 0)
(7.24637 -1.20535 -1.79539e-18)
(9.29253 0.625675 -5.32581e-18)
(8.39015 0.55585 0)
(7.83856 -1.21131 6.01277e-19)
(7.40547 -1.24752 4.73778e-18)
(10.6805 -1.40829 1.44352e-19)
(6.98447 0.14542 -1.02597e-17)
(8.29009 0.484786 5.15874e-18)
(5.15489 -0.306261 3.0348e-17)
(5.50715 -0.291036 -2.20411e-17)
(9.26978 0.0860167 -6.31322e-17)
(9.18488 0.0583386 0)
(8.15246 0.391472 0)
(7.14851 -1.22646 -4.09341e-18)
(10.6872 0.32067 0)
(6.64136 -1.1353 0)
(7.97845 -1.32108 3.73542e-18)
(9.51665 -1.43029 0)
(10.0028 -0.0449509 1.21368e-20)
(9.59241 0.0035342 -3.38191e-17)
(4.28061 -0.674029 1.97451e-18)
(7.99557 -1.22654 7.15484e-19)
(9.53422 -1.43336 -4.75849e-18)
(6.71059 0.451535 0)
(8.00136 -1.16541 0)
(6.11567 -1.03865 9.32892e-19)
(9.37703 -1.43871 3.13569e-18)
(8.2338 -0.253248 1.33436e-17)
(8.3233 -1.36791 -3.69381e-18)
(8.30918 -0.155009 -1.10273e-17)
(8.01351 -1.31633 1.83296e-18)
(6.30863 0.521323 4.77678e-18)
(7.91169 -1.24723 2.74253e-18)
(9.42354 -1.34682 -1.84209e-18)
(7.30873 -1.15985 -4.22655e-18)
(9.13358 0.128042 3.26594e-17)
(7.93099 -0.86561 2.96149e-18)
(9.1479 -0.0366696 3.41609e-17)
(9.12554 0.0876074 -5.05927e-17)
(9.02738 -0.0289852 -4.96518e-17)
(6.14486 -1.08319 -4.81982e-19)
(9.32056 -1.38723 5.95376e-18)
(7.96783 -1.23538 -1.41689e-18)
(10.5454 -0.518139 1.13051e-17)
(7.93097 -1.20429 -1.51065e-18)
(7.95764 -1.1746 0)
(10.7519 0.512866 0)
(11.0631 0.59449 -1.25078e-17)
(8.18432 -1.29997 0)
(7.81762 -1.32605 -2.44062e-18)
(8.37097 -1.35514 0)
(9.37833 -1.34487 3.62115e-18)
(6.43207 -1.0603 9.04656e-19)
(7.36261 0.27922 1.67267e-17)
(5.62917 -1.02256 0)
(4.27189 -0.726554 0)
(8.50342 -1.41245 0)
(8.08079 -1.46074 -6.09014e-19)
(9.03597 0.28567 4.3827e-18)
(9.0313 0.23907 -3.5014e-17)
(8.92892 0.111357 0)
(9.06961 0.139694 -3.7744e-17)
(8.92259 0.122161 -1.34099e-17)
(7.97178 -1.34919 -7.05986e-19)
(7.54173 -1.28066 5.77167e-18)
(8.19277 -1.33905 1.3591e-18)
(6.67795 -1.17007 2.74915e-18)
(9.59659 -0.0678781 6.99799e-17)
(6.84874 -1.14957 -4.17597e-18)
(9.85169 -0.0322199 0)
(6.61971 -1.12682 -1.32258e-18)
(5.56761 -0.481077 -9.62753e-18)
(3.89669 -0.662088 -3.47756e-18)
(5.79982 -0.539674 9.63479e-18)
(6.79998 -1.21089 -3.31117e-18)
(3.6917 -0.609052 0)
(6.98417 -1.20285 0)
(5.96891 -0.920264 -1.14291e-17)
(4.65309 -0.479449 1.37704e-17)
(7.38157 -1.25613 1.06523e-17)
(8.69166 -0.474004 6.6252e-18)
(8.14437 -0.642212 -7.53957e-18)
(8.10598 -0.718534 -3.51783e-18)
(7.30272 -0.45324 -4.68943e-18)
(7.24953 -0.41516 -3.67804e-18)
(8.17871 0.00416722 -3.11721e-17)
(8.13939 0.12081 -7.79714e-18)
(11.1694 -1.41211 -3.1984e-18)
(7.40778 -1.28619 -3.59411e-19)
(11.3819 -1.33771 0)
(7.16491 -0.459502 -5.11265e-18)
(9.01789 0.0804003 0)
(8.75 -0.431121 -1.47464e-17)
(11.4426 -1.36421 6.09596e-18)
(3.54857 -0.663568 5.17866e-18)
(8.78859 -1.40913 -2.50129e-18)
(9.26428 0.0677988 -1.01849e-17)
(7.87153 -1.28949 4.69297e-19)
(7.72742 -1.2619 0)
(8.75542 -0.603017 8.33519e-18)
(8.86711 0.215766 0)
(6.13653 -1.008 -1.42344e-18)
(3.88923 -0.654926 7.41872e-18)
(5.9936 -1.04111 7.9644e-19)
(10.4667 0.719942 -1.92573e-17)
(4.83743 -0.842026 0)
(8.93791 -0.0441323 -3.2107e-17)
(8.93376 0.354843 -6.50167e-19)
(9.68712 -1.15708 0)
(9.01431 -0.055045 4.41593e-18)
(9.07543 -0.0535047 -2.3039e-17)
(5.71164 -1.01202 3.54547e-18)
(3.11521 -0.611578 4.39494e-18)
(9.68195 -1.09304 -7.82144e-18)
(8.11764 -1.17426 2.47084e-18)
(7.5038 -0.505944 -3.41357e-18)
(11.6321 -0.765985 -3.93731e-18)
(7.1224 -1.22042 2.75829e-18)
(8.58782 2.24205 -1.10351e-17)
(9.03974 0.00968958 2.67437e-17)
(4.96479 -0.899547 1.77605e-18)
(7.8432 3.04919 -5.84442e-19)
(10.119 -1.16305 1.72485e-18)
(10.1807 1.86028 -8.22281e-18)
(10.1457 -1.17659 2.50226e-18)
(9.52878 -1.41392 0)
(7.44222 -1.24935 -1.83707e-18)
(8.42173 -1.24468 0)
(11.6588 -1.39728 6.6292e-18)
(10.3604 -1.42553 4.55651e-18)
(11.0469 -1.48183 1.38501e-18)
(8.41464 -1.14309 2.33767e-18)
(7.51424 -0.798201 1.4349e-18)
(7.51929 -0.756196 0)
(9.08866 0.25615 8.26646e-18)
(7.45833 -0.806976 0)
(9.87277 -0.873709 0)
(10.3484 -1.32819 0)
(8.77433 0.182319 -1.11401e-17)
(7.85417 -1.10665 0)
(8.96984 -1.40252 7.67483e-19)
(7.81055 -1.11118 -2.24266e-20)
(7.787 -1.16099 3.82365e-20)
(9.3139 0.0120523 0)
(9.48987 -1.44713 0)
(7.75522 -1.19419 -4.73554e-19)
(6.81235 -0.469674 5.02125e-18)
(6.88842 -0.11038 -1.81187e-18)
(9.02252 0.00397832 -5.13653e-18)
(7.77656 -1.1407 8.57206e-20)
(10.2659 -0.377283 -1.35777e-17)
(9.80951 -1.36596 -6.44618e-18)
(8.40351 -0.536796 4.38667e-18)
(8.88971 -1.37858 0)
(8.87377 0.0237252 2.27258e-17)
(8.8808 0.0246439 2.72994e-17)
(8.95743 0.0269161 1.55387e-17)
(8.7663 -0.28602 -7.62208e-20)
(7.73502 -1.2929 2.16817e-18)
(8.45362 -1.18632 0)
(8.48447 -0.531777 0)
(10.7863 -1.12909 -1.27649e-19)
(7.50472 -1.25937 1.86592e-18)
(10.746 -1.18328 3.91769e-18)
(7.70995 -0.965225 2.71293e-18)
(3.72113 -0.599961 0)
(7.79551 -0.923667 2.61091e-19)
(6.90999 -0.820875 0)
(7.79208 -0.82115 -1.62837e-18)
(10.4219 -1.44416 -4.1809e-18)
(7.76438 -0.770153 -3.90689e-18)
(7.75515 -0.858059 1.09782e-18)
(9.59234 -0.00207024 0)
(9.50475 -1.41281 0)
(8.58336 -0.737328 3.27832e-18)
(7.88974 -0.996172 0)
(7.07174 -1.16831 0)
(10.0726 -1.0494 -6.46713e-18)
(8.85406 -0.102005 9.93246e-18)
(8.78545 -1.38283 0)
(7.88378 -1.06908 2.47849e-18)
(8.70157 -1.37327 1.39852e-18)
(7.5633 -0.724743 0)
(9.04277 -1.38015 0)
(7.86749 -1.03806 6.62923e-20)
(8.25564 -1.33455 0)
(6.21553 -1.14636 1.66237e-18)
(7.03366 -0.557562 0)
(9.01061 -1.37624 0)
(7.84828 -1.30333 1.27177e-19)
(6.9777 -0.508657 -2.06404e-18)
(7.66715 -0.853695 0)
(7.95228 -1.149 0)
(7.61596 -0.825437 0)
(7.14017 0.453973 -1.10246e-17)
(9.23008 -0.11438 0)
(8.56112 -1.37637 -1.63908e-18)
(5.71538 -1.0354 0)
(6.01363 -1.0659 -3.43257e-18)
(9.57419 0.0160425 0)
(8.3104 -1.34207 -2.40178e-18)
(9.07849 -1.35962 -9.07836e-19)
(8.18955 -1.26414 0)
(8.22767 -0.665193 0)
(9.31319 -0.116669 0)
(9.12947 -1.42295 -1.41386e-18)
(6.06139 -0.0669236 -4.17964e-18)
(7.9543 -1.33188 -1.87161e-18)
(7.16869 -1.20999 0)
(8.86071 -0.0777822 1.72155e-17)
(8.80642 -0.0118923 3.23684e-17)
(8.96912 0.153274 0)
(8.80783 -0.072558 -1.72287e-17)
(7.82373 -1.15927 1.67803e-18)
(7.12338 -1.22732 0)
(7.86069 -1.13581 8.96012e-20)
(9.07909 -1.50752 -4.47232e-18)
(9.25306 -0.230414 4.83323e-18)
(5.23302 0.89748 7.09947e-18)
(8.89008 -0.0332507 -4.67265e-18)
(9.00906 0.215518 2.17776e-17)
(7.58176 -1.10363 -4.34387e-20)
(9.00862 0.149759 0)
(7.23527 -1.26136 -2.83616e-18)
(9.15982 -0.241576 -2.65444e-17)
(8.05574 -1.2201 6.35887e-19)
(7.67137 -0.896493 0)
(10.1601 -1.37186 3.3074e-18)
(4.11727 -0.675453 -1.87554e-17)
(4.14632 2.05315 0)
(7.75429 -1.08488 -1.7637e-18)
(7.56957 -1.26388 0)
(7.82733 -1.04774 -2.45667e-18)
(9.01405 0.17415 0)
(5.67323 1.75058 -2.34782e-17)
(8.44726 -1.38416 2.80455e-18)
(3.05336 2.34709 6.9615e-18)
(7.79887 -1.08168 1.68554e-18)
(8.96299 -0.197551 0)
(5.79658 -1.10198 0)
(6.97165 0.535805 -6.9316e-18)
(6.9196 0.773653 7.85295e-19)
(9.27465 -1.38941 -3.08931e-18)
(7.55515 -0.357948 0)
(7.72796 -1.23012 -1.82903e-18)
(8.6873 -1.40738 0)
(11.2726 -1.39465 -6.28537e-18)
(6.70617 -1.16083 7.83656e-19)
(7.67013 -0.988177 0)
(7.58942 -1.03734 9.59128e-19)
(9.79088 0.0134349 1.56586e-17)
(9.57869 -1.24787 2.0455e-20)
(7.02553 -0.679095 0)
(6.21475 1.86894 3.90942e-18)
(5.6394 2.26301 -2.11835e-17)
(6.63497 -1.13644 0)
(6.26996 -0.0780554 1.69214e-19)
(7.98846 -1.30994 0)
(6.93709 -1.18891 -8.97722e-19)
(5.2035 -0.908334 0)
(6.67501 0.0157739 0)
(10.5065 -1.38252 1.06536e-18)
(7.4018 -1.27671 -2.09202e-18)
(8.94446 -0.069501 2.15844e-17)
(8.91214 -0.0674065 -6.7974e-18)
(10.136 -1.45155 -3.73991e-18)
(6.99691 -1.2247 0)
(8.22975 -1.38332 -1.43678e-18)
(10.2562 -1.42886 3.62799e-18)
(10.0302 -0.0314477 -8.50839e-18)
(10.0693 -1.41341 -6.11654e-18)
(8.16404 -1.24728 0)
(10.5512 -1.38684 3.4013e-18)
(3.44558 -0.682657 0)
(8.75492 0.438343 -3.17875e-18)
(3.90917 -0.738617 8.36315e-18)
(8.91433 -0.385411 -2.20485e-18)
(7.70479 -1.32855 0)
(8.21673 0.21964 0)
(12.6757 -1.30438 7.30483e-19)
(7.33249 -1.13681 -1.38508e-18)
(6.18004 -1.05169 0)
(3.60022 -0.639869 0)
(8.76038 -0.324297 -5.1472e-18)
(8.85579 -0.337882 3.3312e-18)
(7.62977 -0.929227 4.68896e-20)
(6.1698 -1.0871 0)
(9.51631 -1.5493 0)
(8.16205 -1.35611 0)
(3.92213 -0.68499 1.5391e-18)
(6.7247 -1.17829 -4.2733e-18)
(6.03747 -1.02773 0)
(5.68613 -0.988815 -3.12801e-18)
(7.27453 -1.26097 3.09137e-18)
(14.7789 2.66326 -2.12912e-17)
(6.7164 -1.14579 -3.84686e-18)
(7.03865 -1.22917 -3.36255e-18)
(8.86979 -0.0635367 4.16316e-17)
(8.88109 -0.0538977 -3.15232e-17)
(3.30155 -0.573484 -4.02601e-18)
(8.85888 -0.0393535 -3.41528e-17)
(9.15798 -0.0958857 0)
(8.96291 -0.00104889 -1.30323e-17)
(7.02875 -0.847274 0)
(5.84357 -1.14589 3.07318e-18)
(7.91486 -1.33394 1.93551e-18)
(7.08998 -0.797952 2.44814e-18)
(8.89606 -1.35353 2.25319e-18)
(8.94569 -0.0810352 1.30607e-17)
(9.78846 -1.34748 -7.14996e-18)
(9.22635 -0.0318884 0)
(9.48932 -1.28799 -3.66001e-18)
(7.54442 -1.06343 -5.31306e-18)
(7.17054 -1.04262 -4.23705e-18)
(5.18917 -0.972001 0)
(7.4385 -0.837883 3.06451e-18)
(7.34209 -0.687227 -6.52633e-18)
(7.12106 -0.663622 3.84838e-18)
(11.5177 -1.13233 -1.02704e-17)
(11.4131 -1.21039 0)
(11.3155 -1.18231 -5.75319e-18)
(7.20898 -1.23469 -1.88843e-19)
(3.91989 -0.652584 0)
(7.73371 -1.03218 -2.59628e-18)
(9.86409 -1.01735 1.22733e-17)
(7.81966 -0.986181 2.25819e-18)
(9.30669 -1.41008 0)
(10.6706 -1.33326 3.6389e-18)
(7.51121 -1.26995 1.78491e-18)
(12.6357 0.473317 2.49719e-17)
(9.02463 0.101435 -2.97123e-17)
(3.59573 -0.645908 1.09028e-17)
(5.12868 -0.859641 0)
(6.05793 -1.04906 2.75477e-18)
(9.04427 0.0686124 -1.88803e-17)
(8.29643 -1.34645 0)
(7.50727 -1.05512 2.24799e-18)
(3.23634 -0.495512 8.30866e-19)
(8.26052 -1.3102 -1.68193e-18)
(5.14461 -0.897509 0)
(7.18429 -0.591443 -1.52432e-18)
(5.01833 -0.920351 4.75763e-19)
(9.4727 -1.37099 -1.99577e-18)
(9.3982 -1.37285 -3.69228e-18)
(10.2068 -0.75357 4.90796e-18)
(9.10557 -1.41612 1.50756e-18)
(6.32505 -1.00335 -1.51345e-17)
(3.38673 -0.640538 1.85466e-18)
(6.69647 -0.474666 -4.8839e-18)
(7.83415 -1.29809 0)
(10.391 -0.195786 -1.00301e-17)
(7.21824 -0.758245 -2.12331e-18)
(7.66873 -1.07983 1.97561e-18)
(7.69093 -1.05317 1.57277e-18)
(6.51465 -1.10683 0)
(6.60608 2.77583 -1.41542e-17)
(7.62166 -1.08597 0)
(6.13394 0.611949 -6.78343e-18)
(8.93415 -0.732487 3.8341e-18)
(3.54538 -0.626146 3.07233e-18)
(8.03901 -1.39414 4.85302e-19)
(9.65208 -1.38256 2.48915e-18)
(5.36694 -0.941008 -7.2238e-18)
(6.31073 -1.05027 0)
(6.84041 0.169755 0)
(8.51256 -0.544976 -2.76852e-18)
(5.31598 -0.874608 -1.43904e-17)
(12.0373 -1.08554 0)
(8.58048 -1.3842 4.07368e-18)
(8.69067 0.195439 -1.73466e-18)
(8.72584 -1.43987 2.50322e-18)
(8.88343 -1.44018 -3.25535e-18)
(6.8587 -0.533771 -2.50242e-18)
(10.4759 -1.46647 -2.72392e-18)
(6.89443 -0.978247 2.41939e-18)
(8.15705 -1.34365 0)
(7.01138 -0.418058 4.02853e-18)
(7.6396 -1.14942 7.69767e-18)
(12.0211 0.454913 5.09358e-18)
(7.7762 -1.31759 -2.31636e-18)
(8.45746 -1.3668 3.82491e-18)
(7.54418 -1.0001 4.78847e-19)
(5.71845 0.538377 1.55555e-18)
(7.21756 -0.714702 0)
(3.29492 -0.744724 4.9664e-18)
(10.8321 -0.620099 9.36818e-18)
(7.93015 -1.09353 -1.25165e-18)
(10.0472 -0.0617311 0)
(7.96653 -1.08377 1.19017e-18)
(7.91938 -1.06522 -1.19842e-18)
(10.1214 -0.168329 0)
(9.43526 -0.0659081 -4.61412e-17)
(10.7212 -0.631228 -7.98016e-18)
(8.32066 -1.37623 2.93272e-18)
(3.82446 -0.601369 -6.8137e-18)
(8.86104 -0.119568 0)
(8.84991 -0.111689 0)
(8.86559 -0.107556 -2.68081e-17)
(4.02716 -0.716157 7.59093e-18)
(7.2007 -1.00196 4.64766e-18)
(7.18032 -0.976674 -3.46208e-19)
(6.95272 -0.908912 -3.26274e-18)
(9.88186 -0.781441 -9.97548e-18)
(10.7697 -0.815967 -2.68735e-18)
(5.19257 -0.870634 -4.91295e-18)
(8.70911 0.166333 0)
(6.89937 -0.898974 -3.20453e-18)
(3.60703 -0.584304 4.00371e-18)
(7.26515 -1.05856 -1.12194e-18)
(7.47014 -1.11633 -2.56204e-18)
(10.7563 -0.343078 -1.34905e-17)
(9.61599 -1.2985 -5.70662e-18)
(6.98336 -0.769239 0)
(7.44382 -1.15644 -4.41768e-18)
(8.91492 -0.0172359 0)
(8.39242 -1.3477 0)
(9.54111 -1.3114 5.70536e-18)
(8.49153 -1.28345 0)
(8.07969 -1.17126 0)
(8.22607 -1.33542 -1.96202e-18)
(8.08839 -1.13931 -9.83953e-19)
(10.9872 -1.30178 3.74511e-18)
(5.66045 -1.04569 0)
(5.73383 0.0368965 -1.39955e-17)
(8.79759 -0.335983 1.72721e-19)
(6.75811 -1.01142 0)
(6.68263 -0.737977 -2.91908e-18)
(9.14279 -1.37057 7.87167e-19)
(4.34398 -0.667793 -3.32453e-18)
(9.962 -1.38266 4.3716e-18)
(7.9943 -1.09992 -2.19633e-18)
(7.99054 -1.12172 2.53527e-18)
(8.075 -1.32035 1.95323e-18)
(9.96775 -1.39091 -2.30556e-18)
(9.36663 -1.19513 0)
(8.45465 -1.04787 -2.67796e-18)
(8.3319 -1.3475 -3.57871e-19)
(7.57362 -0.850468 0)
(10.0948 -0.974045 5.93641e-18)
(9.81713 -1.31637 3.4355e-18)
(3.57367 -0.621286 0)
(10.9018 -1.35983 -2.78494e-19)
(7.51551 -0.906054 1.80834e-18)
(9.90076 -0.0777213 -1.99837e-17)
(9.44691 -1.4677 0)
(8.11063 -0.102783 2.17827e-17)
(7.9721 -0.102884 3.86497e-20)
(7.93642 -0.225474 1.08744e-17)
(5.91977 0.10326 -1.25333e-16)
(7.88973 -1.21811 1.53798e-18)
(10.0962 -0.271803 5.91895e-19)
(9.1686 -0.145781 7.23319e-17)
(4.05416 -0.579589 2.50398e-18)
(7.56948 -0.89137 -1.52607e-18)
(6.576 -1.10708 3.93866e-18)
(7.34168 -0.994201 1.13157e-18)
(4.23248 -0.685151 3.09326e-18)
(7.23348 -1.23058 -8.95429e-19)
(7.7025 -1.18626 1.08727e-18)
(8.99019 0.0670885 7.38038e-18)
(7.70286 -1.25706 1.23252e-18)
(10.3734 -1.50336 0)
(7.14638 -1.17136 9.29784e-18)
(7.55129 -0.644015 3.88393e-18)
(12.2051 -0.470056 -1.06642e-17)
(7.74708 -1.20139 0)
(6.45881 -1.10051 -4.28062e-18)
(7.39689 -0.925261 0)
(11.4567 -0.644689 -2.64061e-18)
(10.1841 -0.070039 0)
(7.66572 -0.660447 -1.25335e-17)
(7.40675 -0.897418 0)
(7.43735 -0.939744 0)
(7.27282 -0.775678 2.1691e-18)
(12.1082 0.801805 0)
(7.45946 -0.875498 -1.02576e-18)
(11.4388 -0.313817 -2.37038e-17)
(8.5106 -0.276557 5.55914e-18)
(11.5704 -0.231223 1.6808e-17)
(8.43883 -0.273178 7.1092e-18)
(11.8247 1.17371 8.44203e-18)
(7.54043 -1.27696 0)
(9.08027 -1.4282 1.85007e-18)
(8.42807 -1.37063 0)
(6.60113 -0.713284 6.12421e-18)
(9.16804 -1.44781 -4.05958e-18)
(8.1557 -1.32927 -9.08397e-19)
(12.4572 0.989955 -1.35456e-17)
(9.32354 -1.30132 0)
(8.99669 0.361074 4.58502e-18)
(5.14182 -1.2308 0)
(10.3391 -0.453155 1.71623e-17)
(10.5474 -1.47747 1.16886e-18)
(7.16154 -1.11729 5.40182e-18)
(10.7305 -1.42933 0)
(7.83914 -0.712334 -8.1766e-18)
(11.3985 -1.44085 -1.64337e-19)
(10.5013 -0.28419 -4.56554e-18)
(3.87685 -0.748015 -1.6525e-18)
(7.93403 -0.758967 -2.30974e-18)
(10.0568 -1.19745 -8.1468e-18)
(7.87486 -0.772074 -2.75324e-18)
(10.6714 -0.0573853 -9.22753e-18)
(11.515 -0.762295 4.6707e-18)
(11.7023 -0.373742 -1.69791e-17)
(8.63497 -1.40749 2.42694e-18)
(10.7825 -0.9134 3.62472e-18)
(10.6974 -0.992806 0)
(10.543 0.202151 0)
(10.1817 -1.44143 0)
(10.3116 -1.40831 -3.77147e-18)
(7.11181 -1.22213 0)
(9.431 -1.44091 1.255e-18)
(10.2248 -1.39514 0)
(9.43251 -1.44621 -3.80434e-18)
(9.3278 0.0332337 3.85853e-19)
(5.14011 -0.738983 2.83623e-19)
(3.79438 -0.616217 8.34569e-18)
(6.53308 -1.0505 1.40362e-17)
(13.2246 -0.698266 -3.2662e-18)
(10.163 -1.10626 -6.5724e-18)
(6.56231 -1.13449 -2.06151e-18)
(8.95758 -0.373219 -1.83287e-17)
(6.38538 -1.09736 -3.82611e-18)
(12.9558 -0.39504 -1.07397e-17)
(5.51607 -0.97393 -1.43659e-20)
(7.29985 -1.17757 -4.8198e-18)
(9.04065 -0.277733 -1.24271e-17)
(9.27814 -1.41925 0)
(3.77177 -0.602409 1.03798e-17)
(9.68494 -1.44783 -2.22237e-18)
(6.67743 -1.13389 -3.06127e-18)
(9.3236 -1.26567 3.72138e-18)
(7.88388 -1.32822 0)
(12.3177 -0.699918 1.09518e-17)
(6.99791 -1.14533 0)
(5.61111 -0.802835 9.17624e-18)
(3.29659 -0.603316 0)
(8.22318 -1.25069 0)
(7.45174 -1.26864 0)
(3.18284 -0.587942 -6.35037e-18)
(4.41785 -0.424516 -1.67403e-17)
(7.85305 -1.31171 0)
(7.72034 -1.31215 2.32651e-18)
(9.04289 0.0929642 8.19268e-17)
(9.01464 0.119449 0)
(9.05119 0.119623 -1.71638e-17)
(13.0259 0.40942 8.52979e-19)
(5.13759 -1.08493 -3.69001e-18)
(6.95219 -1.19387 -1.10659e-18)
(8.45703 -1.37155 0)
(5.16046 -1.0052 -8.05045e-18)
(9.59867 -1.21583 0)
(9.51083 -1.23331 0)
(6.93119 -1.16966 -1.46543e-18)
(7.86572 -1.31977 -2.15461e-18)
(10.2569 -0.903131 0)
(8.4998 -1.41538 0)
(8.88989 -1.4352 0)
(9.40824 -1.28515 0)
(9.33139 -1.30271 0)
(8.97089 0.230687 5.5401e-18)
(10.0461 -1.41753 0)
(10.2413 -0.977881 0)
(9.40073 -1.30794 4.622e-18)
(9.62184 -1.24185 -8.13517e-18)
(5.08955 -1.03794 2.66201e-19)
(7.13795 -0.530452 4.68251e-18)
(6.84074 -1.14242 -7.52856e-18)
(6.03433 -1.4179 1.76056e-17)
(5.15246 -0.906005 0)
(6.1462 -1.1035 -1.39055e-18)
(5.63777 -0.896144 9.59186e-18)
(5.69641 -1.27556 -9.16329e-19)
(8.8471 -1.37685 -6.00877e-18)
(9.81842 -2.04517 0)
(9.68572 -1.21904 8.23012e-18)
(9.68451 -1.25036 -4.89866e-18)
(7.50352 -0.968119 -2.8678e-18)
(7.49466 -0.929785 -1.12235e-18)
(7.54252 -0.969394 3.67315e-18)
(8.21506 -1.33293 0)
(9.94055 -1.29464 -4.75975e-20)
(13.5246 -1.43236 -8.68433e-18)
(11.5668 -0.427661 1.0193e-17)
(7.4102 -1.26699 -2.71794e-19)
(8.63962 0.887959 -1.37811e-18)
(9.83526 -0.110043 1.81764e-17)
(11.5435 -1.20861 -3.85339e-18)
(9.75842 0.440729 0)
(3.80976 -0.643678 7.24493e-18)
(7.69836 -1.47906 0)
(10.6409 5.06034 2.72849e-18)
(10.9831 -0.778662 -9.9369e-18)
(8.57639 -1.27697 -7.99651e-19)
(10.8804 -0.887005 1.54256e-17)
(10.8516 -0.97458 0)
(7.59916 -1.45807 2.93607e-19)
(7.10632 -1.24093 -5.33181e-18)
(8.53647 0.251072 0)
(10.6275 -1.47575 4.09055e-19)
(9.81606 -1.26588 -3.38857e-19)
(9.77997 -1.27045 8.15247e-18)
(11.5764 0.206603 3.43947e-18)
(7.15546 -1.21637 -1.24693e-19)
(9.79709 -1.2479 -8.26216e-18)
(6.1103 -1.07462 -1.01386e-18)
(10.0982 -1.24234 1.02295e-18)
(5.04466 -0.758805 0)
(8.93141 0.123901 5.86396e-18)
(8.03323 5.1883 0)
(5.86059 3.92245 -8.13049e-19)
(10.7312 -1.33321 -3.74811e-18)
(7.85289 -1.30683 -1.40291e-18)
(3.96769 -0.700064 0)
(8.43373 -1.40317 4.15442e-18)
(9.699 -1.4307 -2.86819e-18)
(8.77611 0.0928803 6.99573e-19)
(8.83293 0.105972 -2.92422e-18)
(6.40628 -0.986586 0)
(5.82624 -1.21002 -7.04382e-18)
(9.22528 0.189699 -2.36952e-18)
(11.7533 -1.19004 2.39915e-18)
(9.46246 -0.180078 9.08034e-18)
(6.84365 -1.26188 0)
(8.38953 -1.37947 -2.86605e-18)
(9.0388 -1.40899 -9.14949e-19)
(4.6877 -0.692155 3.03697e-18)
(9.76172 -1.17837 -7.25973e-18)
(9.2211 -1.43886 0)
(13.3316 -0.136813 6.6135e-18)
(9.20071 -1.37737 -2.00791e-19)
(10.9236 -1.41804 2.29097e-18)
(10.966 -1.36223 2.7852e-19)
(9.58344 -1.41879 3.31903e-18)
(7.98563 -1.31777 0)
(7.17 -1.1966 2.05073e-18)
(6.02167 -0.333014 -1.21308e-19)
(9.78647 -1.40838 0)
(5.87509 -0.285563 0)
(5.89484 -0.157678 -1.15647e-17)
(8.04665 -1.32374 9.84934e-18)
(8.36119 -1.35789 -6.92855e-18)
(9.64824 -1.3951 0)
(5.87872 -1.0857 -4.71505e-18)
(6.0849 -1.02404 1.25371e-18)
(6.31584 -1.08273 1.22385e-18)
(9.67678 -0.0573476 0)
(9.65688 -0.147435 -6.79331e-18)
(5.90786 -0.998215 1.64456e-18)
(9.55861 -0.194943 1.25911e-17)
(6.6383 -1.14503 -1.44646e-18)
(6.87609 -1.19905 -3.46449e-18)
(3.25007 -0.81293 4.26424e-18)
(7.21663 -0.889933 -4.00924e-18)
(7.1392 -0.910938 -2.9661e-18)
(9.47104 -1.31767 5.90976e-18)
(8.66854 -1.39354 5.57957e-19)
(9.07552 -1.43268 -1.87362e-18)
(8.94115 -1.3761 -2.26079e-18)
(9.068 -1.38495 2.146e-18)
(3.71184 -0.631937 0)
(9.07847 -1.37327 -2.34037e-20)
(3.9875 -0.643254 1.48032e-17)
(8.28452 -1.38635 0)
(8.6659 -1.4265 0)
(8.69148 0.0918798 1.06251e-17)
(3.85027 -0.850428 -4.98364e-18)
(8.63749 0.0731578 -7.5544e-18)
(8.39687 -1.41618 2.35552e-18)
(7.47106 -1.27166 6.63471e-18)
(7.32242 -1.36566 0)
(9.77856 -1.4107 0)
(8.59541 -1.4093 0)
(5.0319 -0.78314 6.07528e-18)
(11.0844 -0.749977 -1.11145e-17)
(9.34692 -1.44133 0)
(6.23857 -1.10581 5.13971e-18)
(6.98749 -1.21736 3.39053e-18)
(8.87297 -1.43315 -5.79974e-18)
(8.11617 -1.31062 7.28871e-19)
(8.79815 -1.38617 1.54409e-20)
(8.27061 -1.37285 0)
(9.05247 -1.38608 1.38679e-18)
(7.59989 -1.30289 -4.90257e-18)
(9.0886 -1.38718 0)
(8.89481 -1.40037 1.52696e-18)
(7.87584 -0.824582 -6.01256e-18)
(7.83253 -0.84765 8.96006e-18)
(9.37098 -0.183137 1.34387e-17)
(8.80718 -1.35201 4.67438e-18)
(7.064 -1.23348 2.59787e-20)
(9.3959 -1.25092 -1.25466e-18)
(9.49672 -1.21608 0)
(7.93388 -1.32622 2.54345e-18)
(8.15135 -1.36309 1.39166e-18)
(10.0391 0.254093 1.39834e-17)
(9.96488 0.165979 0)
(8.65126 -1.34707 -1.61895e-18)
(5.29553 -1.0095 4.13541e-18)
(13.8133 -0.901305 -4.14421e-18)
(10.4793 -0.616205 0)
(6.88097 -1.22454 1.30304e-18)
(3.55367 -0.66577 -2.30354e-18)
(7.64577 -1.28811 1.95618e-19)
(7.57671 -1.27537 1.8894e-18)
(4.01278 -0.619546 -1.34557e-17)
(4.78617 -0.876374 6.99508e-19)
(10.2654 -1.33027 2.67743e-18)
(5.70938 -1.22426 3.32518e-18)
(9.4678 -1.35669 3.60793e-18)
(12.0974 0.0996249 -1.33987e-17)
(5.71423 -1.00518 -5.73561e-18)
(3.73124 -0.663808 1.06133e-17)
(9.77123 -1.13169 1.08191e-17)
(8.68499 -1.39965 -3.96427e-18)
(11.0202 -0.159204 3.52971e-18)
(11.0013 0.0436898 1.60608e-17)
(10.1642 -1.50006 -2.07907e-18)
(9.59438 -1.31936 0)
(7.32284 -0.94585 -2.42522e-18)
(10.2961 -1.21739 0)
(9.95401 -1.18174 0)
(10.2999 -1.16971 0)
(10.0352 -1.14669 -5.45278e-18)
(10.2363 0.15904 -5.58815e-18)
(9.30213 -1.50977 6.5651e-18)
(10.2448 -1.2799 0)
(12.3759 -1.28997 5.10655e-18)
(10.2252 -1.1879 -9.70427e-18)
(6.09546 -1.09125 -2.72437e-18)
(8.74216 -1.39491 5.04829e-19)
(5.83203 -1.00593 -1.03786e-17)
(6.00596 -1.03959 -6.19699e-18)
(13.5914 -0.955318 4.16043e-18)
(10.7458 -0.961182 1.88372e-17)
(3.37558 -0.577171 1.63978e-18)
(8.35512 -0.453951 -2.37381e-17)
(9.93716 -0.322136 0)
(6.78818 -1.15811 -3.61433e-18)
(5.15462 -0.897447 2.66343e-18)
(7.80148 -1.30927 4.71442e-18)
(3.33493 -0.608006 0)
(6.45148 -1.13221 0)
(6.2728 -1.15446 -1.40816e-18)
(7.73306 0.277148 1.13274e-17)
(3.58835 -0.675585 2.08218e-17)
(3.77995 -0.620535 0)
(9.36286 -1.43254 0)
(8.5282 -1.37567 6.7052e-18)
(10.8114 -1.2606 4.56995e-20)
(9.60267 0.10823 0)
(7.23232 -1.24433 -3.39318e-18)
(9.60158 -0.00902547 2.38861e-17)
(10.7991 0.0511335 0)
(9.48822 0.128133 0)
(10.3322 -1.29873 3.42322e-19)
(12.5115 -1.28267 -2.4069e-18)
(6.0858 -1.07365 -3.86565e-18)
(8.57895 0.13113 -7.21098e-18)
(3.31761 -0.597808 -5.02235e-21)
(8.55998 0.0819872 2.01506e-17)
(7.7825 1.10148 -1.09223e-17)
(11.4902 -0.876683 3.44672e-18)
(9.17522 -1.38263 2.55957e-18)
(6.0376 -1.04685 -1.2992e-19)
(4.02668 -0.447601 -7.93698e-18)
(5.08743 -0.932684 -1.02539e-19)
(11.6616 -0.965287 1.30498e-19)
(6.9275 -1.17433 0)
(6.81893 4.61615 -7.62917e-18)
(6.18345 -1.06675 6.23129e-18)
(5.15182 -0.800609 -3.82984e-18)
(6.41392 -1.12931 1.05328e-18)
(3.97151 -0.440732 -1.39285e-19)
(6.37582 -1.13934 0)
(7.3768 -1.31183 -2.59918e-18)
(7.09963 -1.16373 1.81624e-18)
(9.55177 -1.44098 2.22582e-18)
(8.80308 -1.39477 0)
(6.87704 -1.17651 0)
(8.47297 -1.36742 4.5503e-18)
(8.88482 -1.40819 1.9284e-18)
(10.3653 -0.640001 -1.51527e-18)
(5.20486 -0.866285 -6.60287e-19)
(9.23326 -1.15437 5.60251e-18)
(8.63435 0.112467 0)
(10.4623 -1.35129 -9.43258e-18)
(8.57197 -1.37137 -2.48139e-18)
(8.58616 0.081863 -1.90256e-17)
(5.11003 -0.875369 -7.77666e-18)
(7.93231 -1.31968 2.31056e-19)
(7.2175 -1.23267 5.09876e-18)
(5.8142 -1.02338 0)
(12.9112 -1.23913 0)
)
;

boundaryField
{
    frontAndBack
    {
        type            empty;
    }
    outlet
    {
        type            freestream;
        freestreamValue uniform (9 0 0);
        value           nonuniform List<vector> 7((8.90929 -0.113864 0) (8.8862 0.0917276 -1.6381e-17) (9.81312 0.201213 0) (9.78322 -0.191408 5.10163e-17) (8.89726 0.216071 -8.59364e-17) (8.92553 -0.210021 0) (8.7105 -0.00261658 0));
    }
    walls
    {
        type            noSlip;
    }
    inlet
    {
        type            freestream;
        freestreamValue uniform (9 0 0);
        value           uniform (9 0 0);
    }
    airfoil
    {
        type            noSlip;
    }
}


// ************************************************************************* //
