/*--------------------------------*- C++ -*----------------------------------*\
| =========                 |                                                 |
| \\      /  F ield         | OpenFOAM: The Open Source CFD Toolbox           |
|  \\    /   O peration     | Version:  2206                                  |
|   \\  /    A nd           | Website:  www.openfoam.com                      |
|    \\/     M anipulation  |                                                 |
\*---------------------------------------------------------------------------*/
FoamFile
{
    version     2.0;
    format      ascii;
    arch        "LSB;label=32;scalar=64";
    class       volVectorField;
    location    "227";
    object      U;
}
// * * * * * * * * * * * * * * * * * * * * * * * * * * * * * * * * * * * * * //

dimensions      [0 1 -1 0 0 0 0];

internalField   nonuniform List<vector> 
2283
(
(10.0389 -0.0189122 1.71492e-18)
(9.75896 -0.00509127 5.49201e-17)
(6.03833 -1.0699 -5.0094e-18)
(6.28431 -1.08586 4.93172e-18)
(7.59103 -1.19203 0)
(7.62319 -1.27383 0)
(9.34198 -0.0621717 0)
(9.29598 -0.0143419 -1.3732e-18)
(3.70618 -0.68519 -1.96203e-18)
(19.1043 6.29753 0)
(16.871 4.13453 3.08594e-18)
(7.883 0.594778 -5.84007e-17)
(6.96206 0.62928 -6.33543e-18)
(9.66014 -0.954735 6.45225e-18)
(7.67602 0.446705 -1.14299e-17)
(8.82106 0.866165 0)
(9.00607 0.914078 2.14968e-18)
(7.30233 -0.543982 8.14459e-20)
(9.92589 0.00863344 0)
(7.24782 -1.22932 -5.7078e-18)
(8.60579 -1.35631 2.36424e-18)
(8.32742 -1.34143 0)
(9.04405 0.0242726 4.53212e-17)
(8.99356 0.0154834 -1.0788e-16)
(9.34604 -0.0385382 0)
(10.0863 0.00882599 6.27278e-17)
(8.80718 0.298104 0)
(10.9014 -0.999676 0)
(8.74203 0.270661 0)
(5.40533 -0.937866 1.67553e-18)
(3.63134 -0.619811 -5.486e-18)
(8.49111 0.0391978 0)
(8.43323 -0.0108928 -2.77704e-18)
(8.77289 0.0460199 -2.38936e-17)
(9.09876 0.011062 0)
(8.6683 -0.189886 -8.35071e-18)
(8.72076 -0.235051 0)
(8.89463 0.11023 1.42866e-17)
(8.92364 0.120533 -1.98216e-17)
(9.70338 -0.0123395 -9.94585e-17)
(6.53276 -0.0611354 1.12041e-16)
(9.53852 -1.04449 -9.13351e-18)
(8.82991 -1.41637 2.0814e-18)
(9.2745 -1.45257 -3.66621e-18)
(11.2028 -0.823598 4.99123e-18)
(11.2543 -0.955046 0)
(7.53782 -1.43649 3.02305e-18)
(5.82088 0.351052 -1.56926e-18)
(5.6321 0.147607 0)
(8.7617 -0.0883815 -6.53059e-19)
(7.60601 -1.19177 3.92208e-18)
(8.8099 -0.0953934 1.50492e-19)
(9.73021 -0.385378 5.84013e-19)
(10.5159 -1.2113 2.77497e-18)
(10.2613 0.0219617 -2.53073e-18)
(9.7442 -1.44488 -5.00323e-18)
(7.25987 -0.597572 0)
(7.29739 -0.227613 0)
(3.85734 -0.619977 0)
(10.1495 -0.0797333 2.70759e-17)
(7.23149 -0.297129 -8.35172e-18)
(11.0936 1.34391 -1.14035e-17)
(9.81323 -1.43012 0)
(11.2 -0.584107 1.4177e-17)
(3.71237 -0.667992 -1.64872e-18)
(9.82801 0.0778255 -1.00491e-17)
(10.0752 0.0652557 1.04296e-16)
(11.1448 -0.463831 0)
(7.46877 -1.25533 -2.13656e-18)
(9.02273 -1.43414 3.01231e-18)
(7.98447 -0.855758 -2.72173e-18)
(8.51578 -1.34486 -2.94525e-19)
(9.63688 1.65897 2.7383e-17)
(6.55806 -0.0113505 3.4437e-17)
(9.30689 -0.671435 -3.14103e-17)
(8.57001 -1.29401 0)
(8.84862 0.0266955 1.36151e-18)
(8.77368 0.107295 1.83706e-18)
(8.99562 0.103787 0)
(9.02503 0.078857 0)
(8.87037 -0.259722 1.22057e-18)
(8.89735 -0.281951 0)
(10.4443 -1.23067 -1.43386e-18)
(8.33162 -1.36727 5.17502e-20)
(3.65282 -0.836775 2.72278e-18)
(8.49733 -1.37627 2.33941e-19)
(11.4943 -1.44954 1.62119e-19)
(10.4497 -1.12665 0)
(10.1237 -1.48541 1.65229e-20)
(10.4241 -1.44378 1.88904e-18)
(9.50673 -1.13219 0)
(15.4317 8.60295 0)
(10.4015 -1.19076 0)
(8.86088 -0.203737 -1.217e-17)
(8.75638 -0.232773 0)
(8.68567 -0.0160078 1.27226e-17)
(9.65694 1.29281 -2.09852e-17)
(7.48479 -1.30778 2.84165e-18)
(8.85373 -0.0304064 -4.12418e-17)
(6.81631 -1.21027 -4.17029e-18)
(10.3488 1.01958 -2.23043e-17)
(9.9499 1.06121 4.16442e-17)
(10.3596 -0.298215 4.55556e-17)
(10.0152 -1.4489 0)
(5.74765 -0.984978 0)
(10.0646 6.97201 0)
(9.41113 -0.0447734 -1.35807e-16)
(9.47362 -0.00504685 2.22976e-18)
(7.10217 -1.13291 0)
(4.82376 -0.77766 0)
(9.16604 0.00692293 -6.72798e-17)
(8.61103 0.24859 1.33115e-17)
(8.68249 0.302596 -1.14033e-17)
(8.6583 -0.675613 -5.4104e-18)
(8.86497 -0.516759 -4.8734e-19)
(10.113 6.65083 3.22861e-19)
(7.16102 0.449563 1.29669e-17)
(9.46004 -0.000420938 -2.1297e-17)
(7.86427 -1.38662 0)
(8.60197 -0.432666 7.32561e-20)
(8.55974 -0.579832 -4.20137e-18)
(9.414 -1.44991 4.35733e-18)
(8.96787 0.270934 5.93748e-19)
(9.00614 0.296448 -4.57527e-18)
(3.66522 -0.694352 -3.80791e-18)
(8.35081 -1.21746 -1.55481e-17)
(9.57801 -1.12908 7.8182e-18)
(9.24552 -1.45633 0)
(7.85966 -1.30341 0)
(10.7008 -1.41097 2.20713e-18)
(8.26137 -1.09041 2.51414e-18)
(7.09995 -0.917167 0)
(4.72183 -0.598197 -1.90495e-18)
(9.36154 -0.469043 0)
(8.2588 -1.02623 0)
(7.40329 -0.973395 -1.13898e-18)
(9.0427 -0.159712 -3.10231e-17)
(9.05381 -0.179475 -6.95028e-18)
(7.24614 -1.24349 0)
(4.27644 -1.42978 3.07575e-18)
(7.14961 -0.280815 4.15952e-18)
(7.90366 -0.747305 1.13978e-17)
(7.28189 -0.920156 2.81244e-18)
(8.01801 -0.946385 0)
(7.38183 -0.32245 -3.61931e-18)
(5.30104 -1.10503 0)
(11.6609 -0.00474373 4.8087e-18)
(8.86811 0.137194 3.89825e-17)
(9.01104 -0.0288014 0)
(9.11634 -1.04144 1.66232e-17)
(8.99369 -0.0130045 3.15816e-17)
(7.48896 -0.277205 -2.39682e-18)
(8.4208 -0.37533 -3.38601e-17)
(8.4998 -0.462526 0)
(7.60024 -1.26811 -6.37958e-18)
(8.22279 -1.29004 0)
(6.80654 -1.19069 3.79048e-18)
(6.26981 -1.1168 0)
(8.12928 -1.02763 -2.96935e-18)
(7.62049 -1.29354 -3.62466e-18)
(7.12367 -0.0747293 -5.65805e-18)
(10.138 -0.0576155 -1.21652e-16)
(7.01205 0.0125144 1.03919e-17)
(11.6426 -1.21936 6.87803e-18)
(9.66922 0.344849 -2.04134e-17)
(11.2079 -1.04452 9.59376e-19)
(9.51101 0.347665 9.11296e-18)
(8.0487 -1.34421 4.86749e-18)
(9.22502 0.427298 -1.10717e-17)
(8.30367 -0.948457 2.56665e-18)
(5.86614 -1.03935 1.43451e-18)
(3.95834 -0.700718 0)
(5.82643 -1.27768 5.57217e-18)
(7.44868 -1.267 7.32791e-19)
(9.34483 -0.243689 0)
(8.44918 -0.207072 2.49649e-18)
(11.0672 -0.84472 4.47718e-18)
(10.9879 -0.975956 -8.69449e-18)
(7.74669 -1.28173 1.71748e-19)
(6.61504 -1.11041 -2.98602e-18)
(9.19461 -1.30295 -9.21898e-18)
(6.75468 4.09176 -1.03577e-17)
(4.24736 2.36004 3.39699e-17)
(9.37062 6.38341 -7.72382e-19)
(6.29903 -0.439185 8.57508e-18)
(6.10814 -0.5134 -4.08467e-18)
(7.55585 5.60891 1.80176e-18)
(5.50446 4.58452 -6.40898e-18)
(7.5761 -1.13765 -1.07041e-18)
(5.97924 1.58913 3.17116e-18)
(9.41168 -0.965299 3.74882e-18)
(8.6231 -0.0565157 0)
(9.11004 1.15382 6.4659e-18)
(9.11122 -0.902652 -2.19185e-17)
(5.92982 0.697092 -1.50265e-18)
(6.25271 0.679243 0)
(7.60466 -0.608204 6.38747e-18)
(7.60448 -0.525134 -1.0951e-17)
(10.5272 -1.2966 5.19215e-18)
(10.5604 -1.31492 -2.70804e-18)
(7.70889 -0.832371 -3.45008e-18)
(7.71261 -0.768276 7.19499e-18)
(5.99836 -0.995752 6.14637e-19)
(10.6477 -1.26595 -3.48513e-18)
(6.64891 -1.18679 -4.31578e-19)
(9.15814 5.30572 -6.78905e-18)
(16.181 3.45981 0)
(8.75187 4.85889 -4.38884e-19)
(7.53628 -0.462558 0)
(5.94605 2.41333 -6.8583e-18)
(9.0382 0.219466 0)
(9.01357 0.176899 0)
(4.47854 -0.898766 -9.54941e-19)
(7.93685 -0.998969 0)
(8.65829 -1.36132 0)
(8.10224 -0.995845 1.11688e-18)
(9.16559 -1.43263 -2.51102e-18)
(8.04729 -0.994762 2.55538e-18)
(9.6637 -1.30017 0)
(4.46549 -0.920672 -3.00569e-18)
(4.55906 -0.783166 0)
(7.93927 -0.435199 1.11212e-17)
(4.99765 -3.08927 1.54702e-17)
(8.36956 -1.33179 -1.34649e-18)
(7.95352 -1.37222 0)
(5.14982 -0.945005 -1.75876e-18)
(6.7187 -1.18866 -1.62056e-18)
(7.96025 -1.33748 4.02844e-18)
(6.40836 -1.12388 2.5057e-18)
(8.92168 0.612043 0)
(7.67247 -1.30792 0)
(5.26961 -1.26266 0)
(5.95082 -1.13256 -1.72266e-18)
(10.6647 -1.20478 -7.58278e-19)
(10.622 -1.14128 0)
(8.21507 3.90566 2.1756e-19)
(5.2712 -0.929417 5.18762e-18)
(7.89734 -0.00702025 -1.34114e-17)
(3.69328 -2.06321 -3.08766e-17)
(9.04399 0.638799 -3.19166e-18)
(9.76981 -0.719715 -3.67752e-18)
(8.02559 -1.0321 1.93511e-18)
(3.76419 -0.682129 -9.69745e-18)
(9.09941 0.778059 3.12159e-18)
(7.43307 -1.3163 5.64825e-18)
(7.976 0.139496 -1.1606e-18)
(8.31307 -1.37034 -1.19243e-18)
(8.55429 -1.38601 -2.45802e-18)
(8.09323 -0.565261 8.13968e-18)
(8.5462 0.502928 1.15168e-17)
(9.44486 0.00757268 0)
(5.49874 -0.944555 -9.90566e-18)
(5.39298 -0.829593 -7.94828e-18)
(9.65108 -0.804662 0)
(4.32162 -0.470411 8.56467e-18)
(8.51774 -1.37237 6.64979e-18)
(5.51836 -1.7433 -5.94064e-18)
(7.85526 -0.383207 4.47966e-19)
(7.90806 0.256221 2.11596e-17)
(12.1395 -1.2599 -1.07787e-18)
(11.8991 -1.33342 0)
(7.84046 -0.279047 -5.64785e-18)
(7.46019 -1.08524 2.3637e-18)
(5.20704 -0.8777 -1.64048e-18)
(7.24717 -0.942736 -6.1946e-18)
(9.85298 -1.33832 1.10283e-17)
(9.51649 -0.814906 -4.43804e-18)
(8.83266 -0.132893 0)
(7.69372 -1.29476 0)
(8.8503 -0.139968 0)
(7.74123 -0.233591 0)
(7.78921 -0.448804 9.31455e-18)
(7.52652 -0.133033 1.14631e-17)
(8.24068 -1.27108 -2.14185e-18)
(7.48095 -0.514899 0)
(8.27649 -1.19842 -5.99236e-19)
(7.21271 -1.25248 8.46985e-19)
(7.92589 -0.912023 -3.03718e-18)
(12.3542 1.57468 0)
(7.87614 -1.24936 4.14663e-18)
(7.96692 -0.953841 0)
(12.604 2.0136 2.92813e-17)
(9.12072 -1.4138 -1.50053e-18)
(3.79846 -0.6458 -8.83472e-19)
(7.62703 -1.32441 -2.70106e-18)
(8.26914 -0.50906 -4.65397e-18)
(11.0356 -0.533483 -1.01493e-17)
(8.72124 -1.36239 -3.03686e-18)
(8.58759 -1.37161 -1.4065e-18)
(6.25029 -0.21447 -1.06117e-17)
(6.38649 -0.270848 1.043e-17)
(8.56982 1.28111 -3.84104e-20)
(10.9769 -0.687203 1.03383e-17)
(8.14675 -1.40361 0)
(5.31935 -0.934853 2.9936e-18)
(7.21435 -1.21644 0)
(4.9689 -0.873976 0)
(9.30856 -1.46107 -2.17868e-18)
(8.08509 -0.741947 4.82854e-18)
(10.0495 -1.49701 0)
(7.69048 -1.40901 0)
(8.03217 -1.24276 0)
(8.01182 -1.23974 -1.0284e-19)
(8.79549 -0.271025 0)
(9.05115 -0.245982 1.87193e-17)
(8.6756 -0.166102 2.17612e-18)
(8.84303 -0.156697 0)
(7.42456 -0.488795 -9.23965e-19)
(9.06192 -1.33503 6.09308e-18)
(9.18752 -1.31925 0)
(8.5834 -0.362415 -3.36669e-18)
(9.62883 0.0195877 -5.76635e-17)
(8.318 -0.40204 2.76528e-18)
(8.28561 -0.628183 6.15802e-18)
(8.41673 -0.772197 -2.82902e-18)
(6.58995 -0.584116 5.67523e-18)
(6.80412 -0.603722 1.24711e-18)
(10.9353 -0.488778 1.53541e-17)
(9.43785 0.0215735 5.60197e-17)
(8.24666 -1.18734 0)
(7.2955 -0.983789 1.12941e-18)
(9.0891 -1.35357 -5.20295e-18)
(10.2665 -0.0145773 0)
(8.83572 -1.3633 0)
(7.54157 -1.09647 4.48312e-18)
(7.50775 -1.12488 0)
(7.62641 -1.05037 0)
(7.66605 -1.02697 1.68014e-18)
(10.9034 -0.321039 2.50637e-18)
(3.4524 -0.612305 4.50154e-18)
(10.3944 -0.92998 0)
(6.65932 -0.633525 -5.29216e-18)
(6.72519 -0.0946032 7.5288e-18)
(7.78923 -0.967593 -2.28374e-18)
(8.89982 0.107706 0)
(8.85904 0.1023 1.88293e-17)
(7.74721 -0.98675 2.79295e-18)
(9.8791 -1.41674 3.42528e-18)
(8.16061 1.79217 3.51749e-18)
(9.17618 -1.34046 1.00939e-17)
(9.3931 -0.311803 0)
(8.52618 -0.68125 -1.22042e-18)
(8.27737 -1.66652 1.70862e-17)
(5.54321 -1.15184 -2.61279e-17)
(8.49275 -0.830805 5.75347e-18)
(9.0813 -1.34584 -5.12801e-18)
(5.04456 -1.12611 -2.95615e-18)
(10.0264 -1.32536 -4.84952e-18)
(3.63737 -0.621067 2.10219e-18)
(8.66972 -1.41772 -7.54847e-18)
(8.1785 -1.28865 0)
(9.61203 -1.37706 0)
(7.4936 -0.606213 -2.95003e-18)
(9.3274 -0.38248 0)
(9.0328 0.0782633 -2.46546e-17)
(7.29063 -1.13836 0)
(8.30234 1.36587 -3.16115e-18)
(7.87424 -1.18883 0)
(7.82425 -1.1928 -4.07276e-19)
(7.91708 -1.15046 0)
(7.90585 -1.12492 0)
(7.24726 -1.2117 0)
(10.1915 -1.39329 -5.6585e-18)
(10.7301 -1.45528 8.20364e-18)
(9.20988 -0.156915 -3.69154e-18)
(9.11552 -1.33291 0)
(7.25033 0.90112 5.25198e-18)
(8.98322 -1.43655 4.74546e-21)
(13.32 -1.07404 2.17909e-17)
(6.72517 -1.12172 1.61533e-17)
(4.57503 -0.764749 -1.44444e-17)
(11.1065 -1.19483 3.21192e-18)
(9.14175 -0.152325 3.07092e-18)
(11.0813 -1.07727 0)
(10.1727 -1.29955 1.06367e-18)
(8.57779 7.02923e-05 9.12398e-18)
(9.12486 -0.178119 -2.10313e-17)
(11.5785 -1.39339 0)
(12.9964 -1.16777 3.27025e-18)
(14.7938 -0.986034 -2.26938e-17)
(11.2064 2.28426 -2.26442e-18)
(8.58021 -0.448206 0)
(9.09998 -0.0517928 0)
(9.93539 -0.0118657 7.39097e-19)
(9.58279 -0.00610004 1.04474e-18)
(10.8966 -1.12331 6.91878e-18)
(8.88588 -0.0699905 0)
(10.1056 -1.10918 7.28106e-18)
(10.1361 -1.04499 0)
(7.76289 -1.04767 0)
(7.80611 -1.02347 0)
(6.51355 1.50304 1.79452e-17)
(9.76294 -0.954998 2.48601e-18)
(10.1031 -1.3553 -1.43665e-18)
(11.0369 -1.23012 0)
(8.72433 -1.36475 -2.16072e-18)
(10.9611 -1.19554 -3.68191e-18)
(10.165 -1.25616 1.87132e-18)
(15.0253 -0.0463025 0)
(7.73517 -1.32589 -3.71341e-18)
(1.82129 0.227083 6.56183e-17)
(7.43187 -0.767779 1.74406e-18)
(7.46672 -0.721037 -6.916e-18)
(7.38022 -0.773918 0)
(2.06751 0.944849 4.1714e-18)
(7.34157 -0.743153 0)
(8.34838 -0.791516 0)
(7.67885 -1.27416 1.57144e-18)
(7.24436 -1.20141 -1.70902e-18)
(6.89358 -1.19473 9.12991e-19)
(8.27104 1.95497 -2.71088e-18)
(10.107 -1.2737 1.80656e-18)
(6.45934 0.0190839 6.14527e-18)
(8.2099 -0.445271 -2.05819e-17)
(7.63304 -0.972602 2.99678e-18)
(7.59003 -1.00524 0)
(9.14159 0.0348667 -2.23389e-17)
(7.71745 -0.92167 -5.16036e-18)
(7.75929 -0.900312 1.85256e-18)
(5.77171 -0.943678 0)
(6.87677 -0.303902 9.25468e-19)
(5.68948 -0.10097 2.54417e-17)
(8.34269 0.200343 0)
(10.2351 0.0577995 -1.47478e-17)
(2.85044 0.524514 -3.73194e-17)
(9.03369 0.0206629 1.85131e-17)
(9.05996 0.0304694 -4.16124e-17)
(8.83345 -0.0154443 -3.23386e-17)
(6.95343 -0.231472 -1.62866e-18)
(7.61446 -0.758783 0)
(8.81697 0.00816227 0)
(8.04784 -0.282759 3.26562e-18)
(8.12318 -0.462405 2.08521e-17)
(7.66616 -0.729385 7.19372e-18)
(8.50475 -0.00558041 0)
(8.99663 0.0493626 3.48821e-17)
(8.97341 0.0627076 3.51232e-17)
(8.96807 0.0380816 5.82393e-19)
(7.8484 -1.2786 -3.33943e-18)
(10.3461 -1.21714 -2.71727e-19)
(8.27815 -0.0271719 1.18344e-17)
(9.72839 0.0719884 -1.35539e-17)
(8.96811 0.00222773 0)
(7.84408 -1.40592 0)
(8.74875 0.571516 9.49481e-18)
(8.04434 -0.375069 0)
(7.87209 -0.932168 1.90169e-18)
(5.76851 -1.08143 0)
(4.6046 -0.715712 -6.76666e-19)
(8.26826 -0.755746 3.75962e-18)
(4.73723 -0.959687 -1.53097e-18)
(7.86216 -0.970065 -4.63735e-18)
(8.15022 0.829524 1.57684e-18)
(6.67806 1.27598 1.09716e-17)
(8.85379 -0.043214 -1.55773e-17)
(6.24672 0.995978 0)
(8.22308 -1.30925 1.14083e-18)
(7.15751 -0.798996 -1.44496e-18)
(8.88547 0.0152854 2.82739e-17)
(8.98647 0.0123371 0)
(9.39061 -0.030459 5.74895e-17)
(5.92023 0.940175 -1.00899e-17)
(6.03602 -1.07563 -3.04703e-20)
(8.79085 0.0547971 3.16664e-18)
(7.83509 -0.901908 -3.87832e-18)
(7.34038 -0.827081 0)
(6.64385 -1.15198 0)
(8.88556 -0.0358992 7.50535e-19)
(8.80938 -0.0778071 -1.1049e-17)
(8.93436 0.0342499 -2.30897e-18)
(8.99842 -0.0485736 7.49048e-19)
(4.04532 -0.72246 -5.58945e-18)
(11.2337 -1.275 4.47672e-19)
(8.88006 -0.0415788 -9.82292e-19)
(8.62441 -0.258768 0)
(8.66558 -0.158518 3.6876e-18)
(8.56989 -0.208352 0)
(8.64157 -0.331155 0)
(8.57723 -0.345362 0)
(4.99619 -0.875666 5.42596e-19)
(6.18873 -1.09213 1.25379e-18)
(9.18171 -0.0688702 0)
(6.51116 0.0270909 5.49036e-17)
(9.69566 -0.293146 -2.9212e-17)
(8.8831 0.112146 -1.29798e-17)
(8.8733 -0.045831 -1.73588e-17)
(6.42267 -1.14066 -9.70018e-19)
(8.58088 -1.04223 0)
(9.86038 -0.0263176 -5.40045e-17)
(5.24111 0.206486 -1.51586e-17)
(8.726 -0.0915033 -8.48032e-18)
(8.67381 -0.0874573 9.56262e-18)
(8.86129 -0.0644531 7.43859e-18)
(8.98117 -0.0356049 7.3389e-18)
(8.87836 -0.0507316 -1.53713e-17)
(8.85719 -0.0395924 3.20066e-17)
(9.332 -1.42447 -3.44437e-18)
(9.06497 0.0285685 -1.9901e-17)
(7.61629 -1.15023 -4.07897e-18)
(8.86146 -0.0352812 -6.52009e-17)
(9.88304 -1.3607 1.2877e-18)
(10.1538 -0.841438 0)
(8.92772 0.126976 1.49325e-17)
(8.93027 0.131279 -3.19897e-18)
(9.00686 -1.37856 -2.81485e-20)
(10.1778 -0.906719 0)
(11.8606 0.327872 0)
(10.1438 0.110736 -6.94074e-17)
(9.23128 0.0206962 -1.99867e-17)
(9.63413 0.0621753 0)
(8.39519 0.149109 1.23386e-17)
(8.456 -0.384011 0)
(9.14303 0.0424452 4.07507e-17)
(9.05692 0.0838958 -6.81608e-17)
(9.19727 0.0785728 5.23369e-17)
(8.75196 -0.115399 5.53513e-19)
(8.81466 -0.0586264 -7.87444e-19)
(11.8086 0.0609004 -1.4303e-17)
(11.3388 -0.134691 -1.04483e-17)
(11.1922 -0.252249 1.02625e-17)
(11.1944 0.266278 -3.60263e-17)
(11.4045 0.113581 9.95087e-18)
(9.08544 0.0782126 2.92711e-17)
(9.00221 0.055928 -3.67118e-17)
(8.86509 0.270504 0)
(8.83274 -0.424079 2.60244e-17)
(8.90039 0.0575655 2.17174e-17)
(8.87994 -0.471981 4.1775e-18)
(9.02738 -0.091069 -2.77795e-17)
(9.03578 -0.0735951 2.56359e-17)
(9.68409 0.058092 -1.36966e-17)
(8.36468 0.0508458 0)
(3.51894 -0.767862 -1.09316e-18)
(8.34255 0.712514 -1.28537e-17)
(8.52811 0.813957 8.12932e-18)
(9.08396 -0.0567675 -2.39708e-17)
(9.02397 -0.0661537 0)
(8.99275 -0.114477 0)
(8.92406 -0.00762142 1.85446e-17)
(9.02006 -0.123524 3.63643e-19)
(11.9625 -0.114652 -3.30327e-18)
(11.8278 -0.13994 9.17198e-18)
(10.5336 0.018942 -6.99443e-18)
(10.6784 -0.858214 -5.0551e-18)
(10.3986 -0.0515529 2.7998e-17)
(8.31765 -1.16156 2.52377e-19)
(10.0598 -0.311023 0)
(8.88606 0.082389 1.47086e-19)
(9.68698 -0.0496157 2.20013e-17)
(9.36506 -0.00921553 -5.52437e-18)
(9.05639 -0.0243424 -1.76791e-17)
(8.92662 0.0615367 -2.09569e-17)
(10.06 -0.0779559 5.4684e-18)
(9.93605 -0.0638331 -7.70942e-18)
(9.52961 -0.0108768 0)
(9.64443 -0.010815 5.48181e-18)
(9.424 -0.0277822 -9.59415e-18)
(10.0134 0.113868 -6.86982e-18)
(9.93883 0.0551235 3.54174e-18)
(8.96256 0.0595201 5.45888e-17)
(7.74387 -0.0121188 0)
(7.70561 -1.30726 1.46747e-18)
(8.00319 -1.33219 0)
(8.00582 -1.26326 -9.84551e-19)
(7.79068 -1.31253 4.57951e-19)
(7.31709 -1.24586 -5.78999e-19)
(8.01181 -1.25854 1.09925e-19)
(9.98912 -0.124664 5.44152e-17)
(9.3655 -0.0803589 -5.33483e-17)
(10.1723 -0.0780373 -4.61351e-17)
(9.53271 -0.0579921 0)
(10.0652 -0.221455 4.60755e-17)
(8.72153 -0.369435 0)
(7.95458 -1.02447 0)
(8.85722 0.0453363 -1.68229e-17)
(7.08559 -1.25239 8.0881e-18)
(8.40102 0.325688 -4.64468e-18)
(10.059 -0.442658 0)
(7.37695 -0.40704 7.64879e-18)
(9.73361 0.0352359 3.33712e-18)
(6.62137 0.00517523 0)
(8.62613 0.593216 -1.36015e-17)
(9.56784 -0.0754511 7.11332e-17)
(7.98478 -1.038 3.09285e-18)
(7.37496 -0.570143 6.88199e-18)
(9.01059 0.00648151 3.86755e-17)
(8.44065 -0.676519 -1.60721e-18)
(6.91682 -0.145235 0)
(9.67523 0.0484061 3.09517e-18)
(6.61719 -0.00970761 0)
(7.52514 -1.15189 1.71921e-18)
(10.0537 0.0569927 -6.27147e-17)
(6.92264 0.120852 0)
(7.50298 -1.17542 2.33108e-18)
(8.38141 -0.613063 0)
(10.0711 -0.100749 -8.19494e-18)
(8.83104 0.633931 -7.61889e-19)
(8.79535 -0.0178122 2.45894e-17)
(6.71623 0.179141 -3.28468e-17)
(9.18534 -0.0917147 0)
(6.439 0.0134927 1.20333e-16)
(8.56116 -0.153108 -9.57274e-18)
(8.59202 -0.156421 0)
(7.14516 -0.709239 0)
(10.3013 -0.0721748 2.57099e-16)
(10.0616 -0.181147 -4.65755e-17)
(3.716 -0.127157 -4.37118e-18)
(9.99892 0.14183 9.1153e-17)
(10.174 0.314498 2.6383e-17)
(8.63048 -0.1919 0)
(6.17177 -1.0502 0)
(7.0725 -0.762713 0)
(5.25034 -0.902638 0)
(2.55981 -0.151061 0)
(8.15347 -1.33273 0)
(8.80978 3.1372e-05 6.90711e-19)
(8.94242 0.0434801 0)
(8.98395 0.0284064 -1.96103e-17)
(8.93082 -0.0236462 -1.33495e-18)
(8.90934 -0.113868 0)
(8.50922 0.330679 0)
(9.19001 0.00297482 2.04444e-17)
(8.9072 -0.023804 2.29102e-17)
(9.92203 0.000600982 0)
(8.71946 -0.118925 6.85489e-18)
(8.97605 -0.0567982 1.97899e-18)
(10.5206 -1.00257 -1.72135e-18)
(10.1013 0.0331286 -5.63791e-18)
(9.42992 -0.0277997 6.44575e-18)
(8.88706 0.0143925 3.08634e-17)
(10.1766 -0.601193 -7.7717e-18)
(10.6055 -0.976046 -5.45017e-18)
(10.0931 0.46135 -1.16087e-17)
(9.79516 -0.0613793 0)
(9.56413 -0.309182 -1.20083e-17)
(6.78742 -0.950796 2.6106e-18)
(8.97087 0.00200032 8.00842e-17)
(9.00842 0.0205879 -8.20321e-17)
(10.1465 -0.683731 -4.25915e-18)
(8.36641 -1.18212 -2.30388e-18)
(8.13048 -1.33835 1.09947e-20)
(10.1402 0.041192 9.51065e-17)
(10.4381 -1.07783 2.92194e-18)
(6.40472 2.69896 2.71551e-18)
(6.81211 -0.837526 0)
(9.48167 -0.349133 -5.02598e-19)
(8.5945 -0.119757 0)
(8.62837 -0.119564 0)
(9.94907 0.581248 -1.70744e-17)
(8.2776 -1.2455 4.44337e-18)
(9.53198 -0.165001 -2.75632e-17)
(9.02671 0.175737 1.44453e-17)
(8.51904 -1.079 -4.539e-18)
(8.86802 -0.00921168 0)
(8.99391 0.000464722 -1.47049e-17)
(8.08225 -1.34389 -1.3547e-18)
(9.02192 0.195958 9.26401e-19)
(8.90416 0.0191441 0)
(9.22729 -1.23581 -6.45379e-18)
(7.27885 -0.664406 6.96107e-18)
(8.99965 0.135894 3.35523e-17)
(8.90083 0.0163968 -2.26132e-17)
(9.73323 -1.26425 1.83559e-18)
(10.6136 -1.01746 3.62335e-18)
(8.91462 0.113161 0)
(8.65572 -1.38497 1.60893e-18)
(7.2298 0.199225 0)
(8.97641 0.130073 0)
(8.68052 -0.0239282 6.34295e-18)
(6.68307 0.212132 0)
(8.69841 0.0639924 -5.63464e-18)
(10.5565 1.46477 8.19612e-18)
(8.6133 -0.313087 3.42174e-18)
(8.11156 -1.34142 0)
(8.55195 -0.280404 8.16579e-18)
(8.68221 -0.21046 -1.20324e-17)
(8.50406 -1.3807 4.7963e-19)
(8.87885 -0.231628 -1.22889e-18)
(9.7704 -1.31903 0)
(5.09242 -0.927185 -2.12723e-18)
(8.9956 -1.40995 -9.5762e-19)
(10.4649 -0.41064 0)
(4.65921 -0.87934 -1.10712e-17)
(6.11693 -0.990996 6.83513e-18)
(6.41423 -1.19873 -1.0565e-17)
(4.92775 -0.916553 0)
(11.2563 7.33755 1.35424e-17)
(9.46576 0.0893898 0)
(10.2207 -0.296345 0)
(9.26608 0.0406951 7.06317e-18)
(6.15657 -0.0201007 0)
(9.79864 -0.458288 6.03186e-17)
(4.39448 -0.688754 1.86084e-17)
(9.53492 -1.38195 -3.52423e-18)
(9.65232 -1.35474 0)
(8.86465 -0.0766818 -2.66242e-17)
(9.27932 0.0531626 -4.75541e-17)
(9.54178 -1.37631 1.12328e-18)
(6.72871 -0.938456 5.44073e-18)
(10.2774 -0.245482 1.34727e-17)
(10.1476 -0.182073 -1.93632e-17)
(9.14011 -1.35077 2.69177e-18)
(7.99188 -1.27179 1.80775e-18)
(9.92228 -1.10924 0)
(7.11843 -0.956343 2.3423e-18)
(7.03208 -0.97895 7.63372e-19)
(7.22123 0.00672102 1.32677e-17)
(5.6484 -0.369098 4.52397e-18)
(8.63279 -0.0264161 -6.63253e-18)
(6.94379 -1.00606 6.48381e-18)
(9.87485 0.161401 -1.09036e-16)
(9.11861 0.0699448 4.41771e-17)
(7.10264 -1.22136 8.34842e-18)
(7.93966 -1.29913 0)
(7.12628 -0.987552 0)
(6.92934 -1.19242 7.85239e-19)
(9.26027 -1.34124 -3.49242e-18)
(9.06955 0.0460188 2.32402e-17)
(7.98838 -1.29205 -1.59822e-18)
(9.06556 0.0423352 -5.20875e-17)
(8.90129 -0.0802591 2.08037e-17)
(9.86842 -1.06588 -1.54985e-17)
(8.53103 -1.37179 -1.58299e-18)
(8.20652 -1.35795 0)
(9.99061 -1.28629 0)
(10.0486 -1.24477 1.94165e-18)
(9.02314 -0.0543335 -3.59024e-17)
(9.97181 -1.327 0)
(8.55264 -1.08166 2.10875e-18)
(8.8942 -0.0417892 -1.20498e-17)
(8.86627 -0.0329688 1.30296e-17)
(7.57352 5.99255 4.59831e-18)
(10.0024 -0.895241 0)
(9.94403 -1.05297 0)
(9.8127 -1.20009 0)
(10.0661 -0.828123 0)
(9.28829 -1.33668 0)
(8.81707 0.0761069 1.94757e-18)
(10.0563 -0.757551 0)
(8.92152 0.101469 -5.31375e-18)
(8.89414 -1.19805 -2.33637e-18)
(3.28029 -0.376851 0)
(4.47258 -0.431765 -1.3797e-17)
(7.25215 -1.26109 0)
(8.98623 0.0303126 0)
(9.34171 0.0254042 0)
(3.51191 -0.612779 5.66716e-18)
(9.44999 0.0295398 -2.70403e-17)
(8.95572 -0.972525 -3.62512e-18)
(8.72084 -0.815287 1.23393e-18)
(11.9792 -0.413117 2.32338e-18)
(11.7824 -0.503482 6.35937e-18)
(7.25128 -1.23299 0)
(9.83908 -1.15577 0)
(9.37512 -0.930815 5.5402e-18)
(8.85525 0.0279137 0)
(8.95686 0.0271322 1.00254e-16)
(8.37066 -1.23839 0)
(7.04701 -0.971721 0)
(9.39129 -1.06168 0)
(6.09228 -1.02671 1.04194e-18)
(9.05655 -0.00395986 3.28866e-17)
(9.01706 -0.021142 0)
(8.59019 -1.10072 -7.15183e-19)
(9.74332 -1.23206 4.74212e-18)
(9.00589 0.00354556 0)
(7.78104 -1.31688 1.88277e-18)
(12.0537 -0.823527 -5.11925e-18)
(8.4414 -1.27837 1.24535e-18)
(9.36405 -1.3673 1.76063e-18)
(8.70676 -1.11008 0)
(10.6002 -1.48791 0)
(5.47433 -0.96614 -3.32459e-18)
(9.02128 0.0056789 2.35513e-17)
(6.46426 0.832987 -5.77969e-19)
(6.93879 -0.955762 6.30951e-18)
(7.73481 -0.638284 7.58921e-18)
(7.73574 -0.578001 2.56528e-18)
(7.67377 -0.515757 5.75178e-18)
(11.7683 -0.704197 4.22518e-19)
(8.68013 0.366609 0)
(4.92444 -0.891688 0)
(9.22641 0.00739998 2.05886e-17)
(9.06857 0.0224578 -1.93574e-17)
(9.05854 0.0152136 0)
(9.27517 -0.0439047 2.83422e-17)
(9.31216 -0.0512565 2.5309e-17)
(10.6458 -0.211968 0)
(3.52418 -0.624217 0)
(8.86899 -0.0392374 -1.87662e-18)
(8.58149 0.397113 0)
(8.89745 -0.0513623 1.44597e-17)
(10.9653 -1.41964 0)
(8.39856 -1.33018 -9.94502e-19)
(9.8848 -0.0341983 5.70503e-17)
(5.46355 -1.09296 -6.21875e-18)
(8.2942 -1.27106 -1.10464e-18)
(5.07465 -0.846111 1.77264e-18)
(9.41894 0.0529263 0)
(6.57609 4.74409 1.78021e-18)
(9.09541 -0.0264869 5.55939e-19)
(11.1876 0.882943 3.30912e-17)
(11.6276 0.750381 0)
(11.1977 -1.37705 2.37722e-18)
(11.682 0.452338 0)
(8.5107 -1.16271 3.7363e-18)
(7.82452 -1.1345 0)
(8.08981 -0.525225 1.31031e-19)
(10.5552 -1.15811 0)
(9.24141 -0.346192 0)
(8.50071 -1.18877 -2.81984e-18)
(8.16985 -1.26824 5.5836e-18)
(5.35608 -0.810045 -2.86838e-18)
(10.0647 -1.38115 0)
(9.1199 -0.051493 2.19781e-17)
(9.21652 -0.26652 2.6533e-17)
(4.77836 -0.863124 -7.57122e-18)
(8.17198 -0.479483 -5.04054e-18)
(7.47963 -1.24614 4.39137e-18)
(5.99453 -0.837022 1.05408e-17)
(7.53794 -1.20356 -4.6007e-18)
(7.09323 -0.390957 6.86027e-18)
(11.6918 -1.38147 -1.1116e-17)
(7.106 -0.206376 -2.20809e-18)
(7.46135 -1.02734 -2.33157e-18)
(7.50635 -1.02462 1.94913e-18)
(7.44459 -0.990202 0)
(7.42798 -1.01201 3.38556e-20)
(11.2588 7.32685 0)
(10.2242 4.24663 1.27202e-17)
(8.7156 -1.33266 0)
(6.66915 0.0343117 -5.79134e-17)
(8.68703 -1.35472 -7.0344e-18)
(8.658 -0.253445 0)
(8.32364 -1.3223 4.14941e-20)
(8.71937 -0.270877 8.22061e-19)
(7.07494 0.00637869 -9.53469e-17)
(8.86539 -0.132659 -4.12338e-20)
(8.60155 0.0400875 1.46496e-17)
(8.64717 0.0291702 -2.16896e-17)
(8.81481 -0.168291 -9.47946e-18)
(8.81831 0.405766 -2.48279e-18)
(6.54897 -0.874325 -7.8443e-19)
(8.87095 -0.638739 6.59707e-19)
(9.58427 0.0207399 0)
(8.33493 -1.27085 0)
(7.6826 -0.126968 -1.45842e-18)
(8.90352 0.433877 -8.44916e-19)
(6.40659 0.0173851 0)
(4.12394 -0.553316 -4.04118e-18)
(11.3526 6.2099 -2.10717e-17)
(8.94213 0.487023 1.87889e-18)
(7.78847 -0.708882 6.78678e-18)
(8.2746 -0.48531 2.03504e-18)
(11.4003 -0.957813 0)
(7.33329 -0.163965 0)
(9.12291 -0.479405 -1.64277e-17)
(11.8625 -1.06489 0)
(6.0297 -0.538277 -3.76404e-18)
(10.5197 -0.916625 0)
(9.92523 -0.92018 0)
(9.1782 -0.376937 -2.88312e-18)
(10.0217 -0.985552 0)
(9.98188 -1.10526 -3.84872e-18)
(6.40981 -0.474935 1.37695e-18)
(6.61493 -0.397431 3.90222e-18)
(10.5097 -0.73565 0)
(10.6214 -0.841694 5.50885e-18)
(9.09899 0.548482 -1.87314e-17)
(10.624 -0.75602 0)
(9.1951 0.531504 3.86284e-17)
(9.58631 0.184596 1.03448e-17)
(8.88617 0.0917333 -1.6382e-17)
(9.17266 -0.0112065 -4.99374e-19)
(9.14159 0.286999 -4.988e-17)
(7.01557 0.0150379 -9.64504e-17)
(8.81924 -1.44541 0)
(6.49331 0.00613826 -8.0858e-17)
(9.03993 0.466884 4.22857e-18)
(10.1041 0.109481 1.60237e-17)
(9.77892 0.140775 3.03559e-17)
(9.51261 0.0234242 -2.69762e-17)
(10.0681 -0.0355506 -5.72157e-17)
(9.81315 0.201225 0)
(7.08351 -0.0958814 -2.59229e-16)
(9.78324 -0.191405 5.10185e-17)
(12.3248 0.135399 7.40812e-18)
(6.58904 0.0137066 0)
(8.89374 0.113702 -4.32644e-17)
(12.4732 -0.294413 1.18525e-17)
(10.2886 -0.558105 -1.63006e-17)
(7.35763 -1.21149 -4.58239e-18)
(9.31402 0.395516 2.15924e-17)
(10.1684 6.54998 -2.84181e-18)
(9.30406 0.307076 -9.59081e-17)
(8.77868 -0.628852 -2.5094e-18)
(8.6289 -0.529362 1.18493e-17)
(7.42708 0.640671 -1.52562e-17)
(10.9205 6.69309 -8.75938e-18)
(8.58533 -0.725122 -3.65836e-18)
(6.58902 -0.224386 0)
(9.54535 0.116575 0)
(9.62384 -0.131749 -5.73756e-17)
(6.8162 0.248841 0)
(6.35124 -0.132835 1.4329e-16)
(8.89729 0.216071 -8.59362e-17)
(6.36391 0.0974345 0)
(8.92555 -0.210022 0)
(6.40081 -0.014935 0)
(7.23361 -1.07048 1.32054e-18)
(8.92063 -1.37274 -3.65867e-18)
(9.07631 -0.0991758 -2.00863e-18)
(8.71218 -1.36972 0)
(10.2464 -1.06265 1.08483e-17)
(10.8621 -0.716935 -3.15626e-18)
(9.09398 -0.059778 0)
(12.0241 -1.37499 4.50197e-18)
(7.28458 -1.14454 1.3651e-18)
(12.264 -1.23965 1.11939e-18)
(4.00071 -0.592354 1.3207e-17)
(5.47665 -0.849224 8.87755e-18)
(7.35842 -1.04474 0)
(7.31363 -1.04282 -1.22092e-18)
(11.9187 -1.38 -7.16832e-18)
(8.06027 -0.933904 0)
(8.86203 -0.0356049 3.82575e-17)
(8.89809 -0.0248094 -1.82652e-17)
(7.93671 -0.690463 7.86635e-18)
(8.86875 -0.0250891 0)
(10.3208 -1.50197 -3.51156e-18)
(9.07631 -1.4523 0)
(6.98075 -1.27366 2.06465e-19)
(7.87504 -0.647995 5.38902e-19)
(9.34083 -1.44133 1.06465e-18)
(6.09481 0.35748 -5.33439e-18)
(6.77219 -1.27509 -2.52049e-18)
(6.5911 -0.0670172 9.35452e-17)
(6.54174 4.20312 -1.34071e-18)
(6.15978 0.195483 -5.01484e-18)
(9.47446 -0.713247 1.16294e-17)
(6.44011 0.170842 5.04196e-18)
(6.72666 0.309183 0)
(9.07426 0.180936 3.27989e-17)
(12.4349 -1.09758 1.89599e-18)
(8.20205 -1.13928 0)
(4.48757 -0.697962 0)
(8.75798 0.0420837 8.05271e-18)
(8.6767 0.0489311 -6.14514e-18)
(6.50175 -0.972512 -3.4183e-18)
(6.22185 -1.03258 -7.3649e-19)
(6.76183 1.2027 3.69363e-17)
(8.4115 0.848706 -1.8767e-17)
(8.21412 -1.16945 -1.32998e-18)
(7.47578 0.480062 1.47801e-17)
(7.29185 1.99917 -3.55421e-18)
(5.20102 -0.949644 0)
(6.86269 -0.989184 -7.68869e-18)
(5.18075 -0.961328 1.50048e-18)
(7.66906 2.42102 5.50608e-17)
(6.10321 -0.992417 -3.04313e-17)
(8.16261 -1.21338 1.52155e-18)
(7.55734 1.62016 2.00801e-17)
(4.2571 -0.680424 8.90153e-19)
(7.47687 0.130124 -2.6006e-17)
(9.0684 0.294282 0)
(8.57889 -1.01746 1.91083e-18)
(7.64976 0.137681 0)
(9.1534 0.25766 2.4135e-17)
(8.09935 -1.26188 -1.70987e-19)
(8.10538 -1.30054 1.44869e-18)
(7.58917 -0.679271 4.87663e-18)
(8.84153 -0.183662 2.38423e-18)
(8.1297 -1.27286 1.71781e-19)
(12.1645 -0.961719 6.12535e-18)
(9.01081 0.172247 2.55691e-17)
(9.76938 -1.03884 -2.28309e-18)
(7.93152 5.84163 0)
(5.84591 4.09732 1.68891e-18)
(8.03932 -1.30024 -1.66467e-18)
(10.7605 -1.0497 -2.63418e-18)
(7.86369 -0.579999 0)
(12.5797 -1.07232 8.29064e-20)
(10.6726 -1.0613 0)
(10.301 -0.72871 0)
(9.67736 -1.3197 1.12125e-20)
(9.62213 -1.34676 -3.35611e-18)
(7.78352 -0.827601 -5.06767e-18)
(12.71 -0.893444 0)
(6.35338 -1.09751 -2.54857e-18)
(7.94097 -0.524515 0)
(12.8389 -1.20292 -5.00553e-18)
(9.58409 -0.110857 -1.43876e-17)
(10.2808 -1.08367 -5.71479e-18)
(12.9546 -0.863528 3.32993e-18)
(9.5711 0.638419 2.25657e-17)
(7.23583 -1.29309 5.13131e-19)
(6.82065 -1.15923 0)
(6.78268 -1.15898 -2.74964e-18)
(8.33852 -1.38711 3.98119e-18)
(8.59137 -0.787803 0)
(10.007 -0.0237061 7.48827e-18)
(8.12499 -1.20058 -1.599e-18)
(9.42187 0.473357 -1.51988e-17)
(9.42781 0.564746 -2.2109e-17)
(9.89736 -0.54235 0)
(9.08504 -1.30425 0)
(10.0107 5.72571 7.58839e-18)
(8.7667 0.130398 3.5452e-18)
(7.5454 -1.27865 -5.13919e-18)
(7.66792 -1.27029 5.53181e-18)
(8.82783 0.138227 1.55266e-18)
(4.82217 -0.816202 -3.79561e-18)
(9.15076 0.0132666 -4.41026e-17)
(9.08079 0.0109898 -1.02854e-16)
(7.4793 -1.27076 -4.53579e-18)
(9.07569 -0.00725064 7.75103e-17)
(7.58885 -0.925175 -2.79335e-18)
(9.07568 -0.038815 -4.83283e-17)
(9.83396 0.142904 3.78589e-17)
(9.71161 0.208817 -2.81094e-18)
(9.09564 -0.00865641 7.81757e-18)
(9.09951 0.0337095 1.23514e-16)
(7.19686 -1.24722 8.33947e-19)
(8.62644 0.184632 1.8945e-17)
(10.0257 0.270247 -5.79938e-17)
(9.20244 0.107534 -6.33199e-18)
(8.70484 -0.154363 5.82755e-18)
(6.19577 -0.109414 0)
(8.80064 -0.236817 0)
(8.78309 -0.202071 -3.40489e-18)
(9.61466 -1.43058 0)
(9.80141 -1.44879 0)
(7.7102 -1.26514 -4.80498e-18)
(6.67672 -1.17843 -5.85072e-18)
(11.2752 -1.42476 6.00366e-18)
(9.1474 -0.286638 2.61953e-17)
(9.12466 -0.34875 -1.81737e-17)
(10.5633 -1.44074 -6.65357e-18)
(8.93155 -1.23432 -1.05663e-17)
(9.99124 -0.579249 -4.68563e-18)
(6.8822 -1.22562 2.80165e-18)
(8.09175 -1.22856 -6.49167e-19)
(6.98558 -0.634621 -4.37393e-18)
(7.95345 0.718596 5.46653e-17)
(7.99897 0.421112 -6.18052e-18)
(6.81391 -0.710661 3.12297e-18)
(9.32228 0.0749362 1.01796e-17)
(6.8727 -0.655954 3.58843e-18)
(6.69474 -0.2994 -4.56155e-18)
(10.0834 6.06357 2.74653e-18)
(7.6241 -1.29073 0)
(6.94497 -1.21162 3.05876e-18)
(9.46828 -0.492013 -1.10207e-17)
(6.60268 -0.218421 -1.35542e-17)
(11.3073 3.26058 1.28347e-18)
(7.81027 -1.32163 -5.49598e-19)
(8.09925 -1.34656 0)
(8.50274 -1.34338 0)
(9.60572 0.0406851 -1.98648e-17)
(5.38028 3.87862 1.44074e-19)
(9.54313 -0.555774 0)
(9.66957 -0.535241 0)
(10.5421 -1.09416 4.21831e-18)
(7.26569 1.16027 2.41424e-17)
(9.97611 -0.707981 9.78362e-18)
(10.0958 -0.515022 9.87772e-18)
(8.43207 -1.40925 0)
(10.4356 -0.959787 0)
(10.679 -0.495674 -1.25864e-17)
(10.3659 -1.0506 0)
(7.51232 -1.25998 1.12912e-18)
(6.58822 -1.13128 -5.97351e-18)
(13.589 0.783629 -1.11167e-17)
(9.112 -0.534567 3.18917e-19)
(6.16752 -0.955962 1.53162e-17)
(9.07474 -0.187768 0)
(9.82955 -0.0931551 -4.4804e-17)
(9.13415 -0.242379 0)
(10.2348 -0.0748848 -1.20023e-16)
(7.07616 -0.0536884 1.34098e-16)
(8.95753 -0.112953 3.67397e-17)
(8.95787 -0.0720459 -2.20929e-17)
(10.4032 -0.0356101 0)
(4.34895 -0.693335 -1.51707e-17)
(8.84673 0.0570004 2.12609e-17)
(8.20645 -0.825279 -4.51412e-18)
(6.73473 -1.29461 0)
(8.13962 -0.791137 -2.6721e-18)
(7.2138 -1.38481 8.4103e-19)
(7.38452 -1.11502 0)
(7.37522 -1.08355 2.7085e-18)
(7.42761 -1.07761 -2.47365e-18)
(8.94722 2.29042 3.94803e-18)
(9.56748 2.78671 9.77636e-18)
(8.89211 -0.0811823 -4.57474e-17)
(9.03482 0.0922661 -4.97936e-17)
(8.50757 -0.914251 -5.47951e-18)
(8.01851 -1.18678 -5.85036e-19)
(8.34376 -0.387104 3.02533e-17)
(8.26785 -0.32547 0)
(10.1341 -0.4109 0)
(8.52436 -0.202234 -4.43363e-18)
(8.04964 -1.18971 1.15911e-18)
(8.49092 -0.126446 0)
(8.39635 -0.183565 0)
(8.44501 -0.100634 2.77435e-18)
(7.44593 -1.18362 -5.19481e-18)
(8.99214 0.108341 0)
(6.64077 -1.16681 7.57229e-18)
(9.01504 0.0880134 7.62634e-19)
(9.14841 1.78092 -4.32238e-18)
(7.87101 -1.32454 6.94521e-18)
(6.69916 -1.33212 -2.89414e-18)
(8.36805 -0.904436 0)
(8.51822 0.111686 -2.17899e-17)
(8.13977 -1.35505 0)
(9.4156 0.192363 -1.22236e-17)
(10.4306 -1.30636 1.52663e-18)
(9.29766 3.58668 -8.95032e-18)
(8.43909 -0.950265 0)
(9.07286 -0.158471 5.79178e-17)
(4.37851 -0.734104 0)
(9.82909 0.819495 9.04133e-18)
(8.30938 -1.0012 0)
(9.02988 0.0779533 0)
(8.04523 -1.36908 0)
(9.73802 -0.229507 9.2642e-18)
(8.13011 -1.30219 0)
(7.90482 -1.37561 0)
(9.14862 -0.0248897 -5.57274e-19)
(8.11127 -1.07007 -2.84879e-18)
(9.06329 0.059911 -3.17722e-17)
(8.30892 -1.11302 -2.35064e-18)
(9.85559 -0.19548 0)
(5.39646 -1.32423 -1.23479e-18)
(8.18411 -1.0781 1.58663e-18)
(9.23366 0.248004 4.84537e-17)
(9.29363 -0.542611 2.55294e-17)
(7.24545 -1.25002 2.07103e-18)
(9.18652 0.0449865 0)
(8.13663 -1.33304 -5.43655e-18)
(8.34401 -0.477873 -8.80022e-18)
(8.58146 -0.0788334 2.26822e-17)
(8.12745 -1.33918 6.93914e-19)
(7.87209 -1.53359 1.5593e-18)
(7.27602 -0.907381 0)
(7.26011 -0.934894 0)
(6.15595 1.37038 -4.80255e-18)
(11.1015 2.51156 -3.80988e-17)
(11.5451 1.97511 3.51599e-17)
(8.81971 -1.36961 0)
(4.74136 0.542953 -2.27088e-17)
(11.9567 1.66663 -6.01583e-18)
(8.8995 -0.028425 1.82407e-17)
(10.5067 -1.35043 6.8115e-18)
(9.62095 0.179845 -6.94638e-18)
(8.82601 -0.0470286 7.96918e-18)
(6.09871 5.19854 -4.04808e-19)
(8.91111 -0.0206728 -5.44045e-17)
(8.2397 -1.32205 -5.17348e-18)
(5.83302 -0.930057 0)
(9.322 -1.38825 0)
(11.3692 -1.35099 -8.65485e-19)
(6.44377 -0.828435 1.25644e-17)
(6.43384 -0.902731 -1.28681e-17)
(15.4143 0.976047 0)
(10.4687 -1.33932 -5.26673e-19)
(7.94442 -1.35329 0)
(8.55641 -1.3923 0)
(10.0104 -1.46192 -6.60399e-18)
(9.25281 -1.44322 0)
(9.00825 -0.117915 2.84547e-17)
(10.4002 -1.46517 2.6755e-18)
(10.1992 -1.47277 0)
(9.04498 0.403141 0)
(7.50932 0.964089 -2.01285e-17)
(8.99454 0.0361198 -2.8565e-17)
(9.0932 0.382879 0)
(8.84319 -0.127085 1.04936e-18)
(8.81049 -0.150456 -3.16899e-18)
(7.83687 -1.25668 1.05424e-19)
(9.61927 -0.0182602 -7.8392e-17)
(8.10716 1.17594 6.31284e-18)
(10.1048 0.0502717 0)
(9.42167 -0.0391961 0)
(7.80506 -0.540469 -1.92881e-18)
(8.84677 -1.40792 3.55591e-18)
(6.92756 -0.375754 -9.43852e-19)
(7.308 1.09621 -1.16814e-17)
(3.84636 -0.716799 0)
(8.05657 -1.27604 0)
(10.2572 2.53767 4.62308e-18)
(8.0323 -1.25708 1.37777e-18)
(8.85823 -0.0888814 4.40797e-17)
(8.00463 -1.27919 4.31132e-19)
(9.00306 0.0299788 -4.31308e-18)
(8.08431 -0.879632 2.11345e-18)
(10.4209 -0.815163 5.39144e-18)
(10.3327 -0.818715 -6.25446e-18)
(8.89439 0.0945656 -4.12053e-17)
(8.99034 0.144483 -8.52613e-18)
(11.3229 -0.52273 2.55906e-19)
(11.2997 -0.685876 0)
(10.1382 -1.44659 0)
(9.54714 -1.29927 -7.1124e-18)
(7.70785 -1.56056 8.69454e-18)
(8.97141 0.00956212 0)
(8.50789 -0.0754456 2.25748e-17)
(9.95255 -1.24181 -5.33495e-18)
(6.53117 -0.954108 -6.51254e-18)
(8.53432 -0.0993528 -2.14242e-17)
(9.52224 -0.0486564 -5.68044e-17)
(8.9319 -0.0676594 7.05726e-17)
(3.50052 -0.633786 0)
(6.34463 -1.10197 7.46817e-18)
(15.6374 2.36884 0)
(9.37618 -0.0412328 0)
(15.9741 1.57806 -8.6131e-18)
(15.482 -0.722082 1.74566e-17)
(9.4344 0.00782522 -2.1898e-17)
(9.7062 -0.0611158 6.54235e-17)
(9.60736 -0.00507362 3.24318e-17)
(9.65081 -0.0399046 -1.8405e-17)
(9.52749 -1.48311 3.19807e-18)
(8.96643 -1.46045 -1.68897e-18)
(9.903 -1.25138 2.69791e-18)
(8.1416 -1.09822 -1.00279e-18)
(8.13138 -1.12217 2.29046e-18)
(8.8486 -0.11463 2.07377e-17)
(8.98929 -0.101988 0)
(12.5748 3.82772 0)
(8.84971 -0.0986502 0)
(6.81071 -1.54766 -4.95665e-19)
(7.49999 1.29171 -8.61851e-18)
(9.64014 0.146029 -3.39779e-17)
(9.23363 -1.43173 0)
(9.89554 -1.22914 0)
(10.2118 -1.15302 6.72702e-18)
(8.68629 -0.0557436 -1.07591e-17)
(8.83608 -0.0454547 1.72037e-18)
(9.00021 0.0355494 4.89524e-18)
(7.56615 -1.34168 0)
(8.93007 0.108489 -4.09932e-17)
(8.86355 -0.0111714 -4.0438e-18)
(5.20983 -0.874245 0)
(12.7723 5.64974 1.77094e-17)
(10.0123 -1.19487 0)
(8.72976 -1.40591 0)
(6.92477 -1.19574 -6.77551e-18)
(9.59417 -1.46109 0)
(6.57962 -1.10285 1.46184e-18)
(8.95122 0.127579 0)
(8.0299 -0.896457 2.73337e-18)
(8.08404 -0.836938 4.11563e-18)
(4.91674 -0.058779 2.53943e-17)
(8.87559 -1.36271 -1.92013e-18)
(8.989 -1.18734 0)
(8.33234 -1.51781 -1.0272e-17)
(14.2481 6.90344 0)
(7.64986 -1.21514 0)
(7.70778 -1.20003 -1.44396e-18)
(8.50983 -1.37168 0)
(7.72713 -1.14402 2.89019e-20)
(8.22184 -1.10983 -2.58885e-18)
(8.45206 -1.38456 -2.39818e-18)
(6.60768 -1.91639 2.15673e-18)
(8.57901 -1.39955 5.77473e-18)
(9.83189 -1.43432 0)
(9.80688 0.245524 3.0221e-17)
(9.90119 -0.00260327 2.8264e-17)
(9.22915 0.00824192 0)
(10.067 0.057886 1.40867e-16)
(7.05326 -1.28269 -3.35095e-18)
(7.2975 -1.29011 0)
(7.06793 -1.02402 1.47304e-18)
(9.01876 -0.0489771 0)
(9.81249 -1.41379 5.74861e-18)
(8.12768 -0.9275 -2.75737e-18)
(3.01415 2.00914 -1.11629e-18)
(10.0367 -0.0245335 -1.53541e-16)
(8.97005 0.153879 0)
(8.96208 0.156271 0)
(7.70867 -0.421984 -9.34198e-18)
(7.66263 -0.347607 1.95443e-18)
(14.1858 -0.406143 -7.13619e-18)
(9.64271 0.234621 -3.78521e-17)
(10.0047 0.447847 4.45456e-17)
(10.3165 0.413209 5.62638e-17)
(8.1748 -1.0396 1.38899e-18)
(8.85081 -0.0062758 -3.85445e-17)
(6.25123 -1.79234 3.31437e-18)
(8.19688 -1.3573 0)
(5.14961 -2.78042 0)
(7.2596 0.626529 -3.7225e-18)
(7.73172 0.864488 -1.66587e-18)
(8.78796 0.0392249 1.16668e-17)
(10.1024 0.0256159 -2.81191e-17)
(7.55556 0.822283 1.42244e-17)
(5.29464 -1.61739 3.65512e-18)
(8.94049 0.0674436 -4.93647e-17)
(8.93712 1.39681 -1.07817e-17)
(8.53301 -1.23412 1.07818e-18)
(7.7282 -0.402869 2.37832e-19)
(8.21646 -1.31363 0)
(6.25312 -0.997591 0)
(7.34797 -1.2708 0)
(4.8557 -0.799688 0)
(9.19586 -0.0206364 4.73401e-17)
(7.67302 -1.11787 -1.48481e-18)
(7.7128 -1.11593 0)
(9.10648 -0.0337561 -2.00587e-17)
(9.16401 -0.0613324 -1.22032e-17)
(8.93489 0.204695 -2.72643e-18)
(7.35105 -0.887284 4.56246e-18)
(9.92188 -1.17163 4.3162e-18)
(9.85155 -1.19956 -3.34504e-19)
(9.57442 0.845452 4.98986e-18)
(8.92966 0.166707 1.32159e-19)
(10.3885 0.28056 -1.18403e-17)
(8.85992 -0.0320916 2.89021e-17)
(8.85501 -0.0292582 0)
(8.18602 -0.946336 1.82376e-18)
(7.78417 -1.26725 3.47851e-18)
(7.77386 -1.21258 -3.74108e-18)
(9.48081 -0.0236348 -1.97428e-18)
(8.21095 -1.00586 -2.28612e-18)
(8.43582 -1.3521 -3.1842e-20)
(8.33835 -1.45735 0)
(9.42055 0.0544088 0)
(7.07864 -0.903476 -2.35147e-18)
(8.95777 0.0981811 1.35815e-17)
(7.15579 -0.847307 -4.02465e-18)
(7.04936 -0.883746 -2.22655e-18)
(5.38618 -0.986543 0)
(7.08133 -0.861728 5.83403e-18)
(8.88655 -0.0412005 0)
(8.86502 -0.0284359 1.3094e-17)
(9.40644 0.259046 -1.44507e-17)
(10.3229 0.503481 4.67654e-17)
(9.40608 0.898406 -2.24682e-17)
(8.85836 -0.0815096 -4.95278e-17)
(8.857 -0.052355 -1.71022e-17)
(5.77391 1.10603 2.0219e-17)
(8.84876 -0.0779364 -1.46895e-18)
(8.85382 -0.0659956 1.70988e-17)
(9.37634 1.11891 1.27113e-17)
(5.37826 1.3974 -8.35429e-19)
(7.50152 -0.874889 -9.03599e-19)
(7.537 -0.828527 -7.29028e-19)
(9.30875 -1.35795 0)
(9.06336 5.79899 0)
(6.95002 4.04626 1.37104e-18)
(5.80357 -1.10883 1.40771e-18)
(9.77985 -0.630751 3.6466e-18)
(3.89858 -0.681394 3.61606e-18)
(10.0683 -1.47466 0)
(8.44188 -0.318162 -1.23328e-17)
(8.9249 0.306323 -4.16074e-18)
(9.76988 -1.41883 0)
(9.30785 -1.36288 8.68807e-19)
(8.06383 -1.12668 1.09251e-18)
(8.02409 -1.1407 -2.50475e-18)
(8.04299 -1.06615 -3.16008e-18)
(8.07702 -1.08225 2.85066e-18)
(7.99847 -0.670761 -1.35218e-17)
(5.99162 -0.436923 8.69733e-18)
(6.94952 -0.853907 0)
(7.98428 -0.80149 2.24707e-18)
(8.04331 -0.715901 3.20221e-18)
(10.313 -0.022979 8.0147e-17)
(8.77552 0.0171739 9.4765e-18)
(8.71038 -0.00261224 0)
(6.66347 -0.815941 9.75364e-19)
(5.35614 -0.900597 3.3012e-18)
(3.73961 -0.747559 3.15518e-18)
(8.35447 -1.05232 1.34691e-18)
(14.3841 -0.437861 2.0222e-17)
(7.39294 -0.641176 0)
(4.23615 -0.746245 -1.97129e-18)
(11.2711 -1.42994 -7.2432e-18)
(10.6521 -1.46527 3.51456e-18)
(8.031 -0.788002 -2.21789e-18)
(3.78664 -0.462514 -1.42373e-18)
(8.91905 -0.328336 1.36656e-17)
(10.2737 -0.0594942 -8.6485e-17)
(9.69027 -0.352004 3.87388e-17)
(9.06255 0.217325 -8.76982e-19)
(6.86099 -0.748476 3.10078e-18)
(3.9006 -0.512244 -1.31419e-18)
(6.92927 -0.984751 1.59968e-19)
(9.94371 -0.0159086 1.21435e-17)
(9.97359 -0.0279085 -1.22317e-17)
(6.00966 0.0644989 -8.92778e-19)
(7.43851 -0.0267422 1.36023e-19)
(6.9574 -0.733664 -2.62658e-18)
(6.77854 -0.808732 0)
(8.10716 -1.42497 -5.41768e-18)
(7.39798 -1.15718 3.49057e-18)
(8.14489 -0.224544 -2.81299e-18)
(6.69621 -1.16713 -6.23884e-20)
(6.38999 -1.12742 -2.25791e-18)
(7.48518 -1.26707 2.97708e-18)
(7.16675 -1.24683 2.04472e-18)
(7.25958 -0.846337 3.42237e-18)
(7.22994 -0.825674 1.75887e-18)
(8.79461 -1.28631 1.89756e-18)
(7.71761 -1.30987 0)
(6.47145 -1.03255 0)
(9.73686 -0.410081 6.9492e-18)
(9.23558 -1.44811 -1.10008e-17)
(8.48967 0.171508 -2.30056e-18)
(8.15186 -1.14803 0)
(7.12863 -1.51101 2.55191e-18)
(10.8917 -1.25815 0)
(9.44224 -0.0179893 7.29554e-17)
(8.37833 -0.993396 0)
(8.22842 -0.899939 -2.70826e-18)
(6.77618 -1.48801 -1.05342e-17)
(7.45096 -0.665466 3.50392e-18)
(9.16516 0.354861 0)
(4.44782 -0.852983 -9.95581e-18)
(10.2519 0.250669 1.11268e-16)
(10.3227 0.14005 -1.01614e-16)
(5.95974 -1.04611 -2.55198e-18)
(6.03204 -0.587442 -5.77318e-18)
(9.07329 0.0592529 5.51577e-17)
(8.80652 0.0617059 -7.75746e-18)
(8.86368 0.0194796 7.43178e-18)
(8.79804 0.0230638 1.75972e-18)
(8.74803 0.0684376 -1.8119e-18)
(7.899 -1.29579 -1.59278e-18)
(8.52726 0.0243748 -8.1954e-18)
(9.42058 -0.0260716 -1.21244e-17)
(6.46448 0.0162952 1.5158e-17)
(8.54609 -0.0108709 1.10767e-17)
(6.81355 -1.17828 1.47653e-17)
(5.39442 -0.994948 3.82294e-20)
(8.54667 -0.064596 -1.3372e-17)
(9.8712 -0.4125 -1.17199e-17)
(9.08691 0.03615 0)
(9.07182 0.0330392 5.72991e-17)
(10.5 -0.0687077 0)
(10.3216 -0.169576 0)
(7.29632 -1.2472 -1.57e-18)
(7.14738 -1.21524 2.9255e-18)
(5.50562 -1.40031 0)
(9.97064 -1.47344 2.36201e-18)
(6.41659 -1.1123 0)
(6.31645 -1.0972 3.56776e-18)
(5.11215 -0.607762 -1.21708e-17)
(4.53266 -0.775179 -1.69725e-17)
(8.86832 0.039024 -2.14343e-17)
(8.92977 0.0395851 1.45387e-17)
(7.01124 -0.947638 -7.79583e-19)
(10.1445 -1.42331 3.99151e-18)
(7.3775 -0.848386 -5.39545e-18)
(3.79735 -0.647719 2.10047e-19)
(5.03554 -0.651098 8.89444e-18)
(5.80398 -0.556531 0)
(13.2722 2.89623 -2.57621e-17)
(3.27098 -0.57727 0)
(8.84101 -0.434305 9.73216e-18)
(8.33855 -0.377634 5.98588e-18)
(6.30424 -0.826374 -7.38866e-18)
(7.03501 -1.2103 0)
(7.15552 -1.2184 2.39336e-18)
(7.13044 0.291304 2.1557e-17)
(6.42191 -0.583705 -1.34451e-17)
(7.30763 -0.0901076 -1.31849e-17)
(8.00906 -0.583654 5.17753e-18)
(8.41087 -1.08258 4.95723e-18)
(7.52844 -1.27483 0)
(8.12504 -1.353 0)
(8.04072 -1.3359 0)
(10.3655 -1.09653 -2.9935e-18)
(6.76045 -1.19227 1.78517e-18)
(6.29675 -1.0706 0)
(5.53297 -1.13483 -1.15901e-18)
(10.2988 -0.986397 0)
(9.30479 0.141337 1.0638e-16)
(8.67581 -0.757298 0)
(10.3551 -0.00331 9.24443e-17)
(7.65366 -1.29564 -3.78834e-18)
(14.3482 -1.18629 6.33058e-18)
(8.64208 -0.517717 -1.79427e-18)
(8.79148 -0.594977 1.98448e-18)
(6.56507 -1.07896 -5.63279e-21)
(9.25959 0.764693 0)
(7.24499 -1.20509 -1.79523e-18)
(9.29238 0.625512 -5.32382e-18)
(8.39031 0.555611 0)
(7.83924 -1.21143 6.01923e-19)
(7.40388 -1.2472 4.7375e-18)
(10.679 -1.4079 1.4433e-19)
(6.98505 0.145322 -1.02572e-17)
(8.29029 0.484569 5.15744e-18)
(5.15558 -0.30621 3.03396e-17)
(5.50801 -0.291013 -2.20356e-17)
(9.26967 0.0860252 -6.3117e-17)
(9.18478 0.0583492 0)
(8.15271 0.391278 0)
(7.14605 -1.22598 -4.09388e-18)
(10.6867 0.320714 0)
(6.63954 -1.13496 0)
(7.97565 -1.3205 3.73644e-18)
(9.51478 -1.42978 0)
(10.0029 -0.0449608 1.21399e-20)
(9.59243 0.00352901 -3.38202e-17)
(4.27985 -0.673908 1.97431e-18)
(7.99663 -1.22668 7.15248e-19)
(9.53235 -1.43286 -4.75808e-18)
(6.71129 0.451423 0)
(8.00239 -1.16553 0)
(6.11338 -1.03824 9.33109e-19)
(9.37509 -1.4382 3.13541e-18)
(8.23405 -0.253265 1.33397e-17)
(8.32074 -1.36738 -3.69458e-18)
(8.3094 -0.155042 -1.10241e-17)
(8.01075 -1.31575 1.83342e-18)
(6.30947 0.521219 4.77568e-18)
(7.91244 -1.24734 2.7416e-18)
(9.42216 -1.34631 -1.84206e-18)
(7.30944 -1.15998 -4.22549e-18)
(9.13349 0.128029 3.2652e-17)
(7.9315 -0.865615 2.96071e-18)
(9.14794 -0.0366571 3.41598e-17)
(9.12546 0.0876053 -5.0581e-17)
(9.02739 -0.0289776 -4.965e-17)
(6.14259 -1.08276 -4.82092e-19)
(9.31874 -1.38668 5.9533e-18)
(7.96886 -1.23552 -1.41642e-18)
(10.5449 -0.517872 1.13028e-17)
(7.93202 -1.20443 -1.51018e-18)
(7.95867 -1.17473 0)
(10.7513 0.512861 0)
(11.0624 0.59449 -1.25044e-17)
(8.18533 -1.30011 0)
(7.81544 -1.32558 -2.44065e-18)
(8.3684 -1.35458 0)
(9.377 -1.34438 3.62118e-18)
(6.43246 -1.06036 9.04436e-19)
(7.36309 0.279073 1.67222e-17)
(5.62769 -1.02228 0)
(4.27211 -0.726588 0)
(8.50189 -1.41213 0)
(8.08157 -1.46087 -6.08745e-19)
(9.03594 0.285587 4.38133e-18)
(9.03127 0.239002 -3.50038e-17)
(8.92889 0.111336 0)
(9.06954 0.139671 -3.77347e-17)
(8.92257 0.122139 -1.34067e-17)
(7.97254 -1.34931 -7.05734e-19)
(7.53954 -1.28021 5.77182e-18)
(8.1901 -1.33847 1.35932e-18)
(6.67593 -1.16967 2.74931e-18)
(9.59658 -0.0678825 6.9971e-17)
(6.84696 -1.14923 -4.17593e-18)
(9.85169 -0.0322235 0)
(6.61727 -1.12636 -1.32286e-18)
(5.56831 -0.481082 -9.62512e-18)
(3.89595 -0.661956 -3.47729e-18)
(5.80063 -0.539722 9.63264e-18)
(6.79731 -1.21035 -3.31207e-18)
(3.69031 -0.608813 0)
(6.98239 -1.2025 0)
(5.96786 -0.920089 -1.14279e-17)
(4.65226 -0.479362 1.37691e-17)
(7.37967 -1.25575 1.06522e-17)
(8.69186 -0.473941 6.62169e-18)
(8.14471 -0.642188 -7.53741e-18)
(8.10636 -0.718509 -3.51686e-18)
(7.30326 -0.453296 -4.68836e-18)
(7.25008 -0.415221 -3.6772e-18)
(8.17896 0.0040878 -3.11633e-17)
(8.13964 0.120698 -7.79509e-18)
(11.1679 -1.41175 -3.19793e-18)
(7.40565 -1.28574 -3.5942e-19)
(11.3805 -1.33737 0)
(7.16552 -0.459572 -5.11154e-18)
(9.01787 0.0803856 0)
(8.75014 -0.431057 -1.47378e-17)
(11.4411 -1.36388 6.09504e-18)
(3.54764 -0.663389 5.17877e-18)
(8.78634 -1.4086 -2.50119e-18)
(9.26425 0.0677874 -1.01804e-17)
(7.87226 -1.2896 4.69145e-19)
(7.72809 -1.26201 0)
(8.75565 -0.602946 8.33026e-18)
(8.86714 0.215687 0)
(6.13549 -1.0078 -1.42329e-18)
(3.8886 -0.654812 7.41792e-18)
(5.9913 -1.04069 7.96648e-19)
(10.4662 0.719868 -1.92522e-17)
(4.83542 -0.841665 0)
(8.93794 -0.0441005 -3.2103e-17)
(8.93376 0.354728 -6.4913e-19)
(9.68659 -1.15667 0)
(9.0143 -0.0550275 4.41554e-18)
(9.07542 -0.0534837 -2.30371e-17)
(5.70929 -1.01158 3.54676e-18)
(3.11393 -0.611323 4.39681e-18)
(9.68152 -1.09267 -7.8214e-18)
(8.11868 -1.17438 2.47e-18)
(7.50421 -0.506163 -3.41405e-18)
(11.6312 -0.765737 -3.93655e-18)
(7.11987 -1.21992 2.75871e-18)
(8.58739 2.24112 -1.10479e-17)
(9.03978 0.00970033 2.67488e-17)
(4.96287 -0.899189 1.77658e-18)
(7.84294 3.04807 -5.86169e-19)
(10.1183 -1.16262 1.72462e-18)
(10.1801 1.85988 -8.21935e-18)
(10.1449 -1.17616 2.50192e-18)
(9.52708 -1.41341 0)
(7.43957 -1.24882 -1.83739e-18)
(8.42287 -1.24482 0)
(11.6572 -1.39696 6.62823e-18)
(10.3587 -1.42522 4.5559e-18)
(11.0452 -1.4815 1.38483e-18)
(8.41563 -1.14318 2.33663e-18)
(7.5149 -0.798258 1.43455e-18)
(7.51989 -0.756237 0)
(9.08861 0.256084 8.26405e-18)
(7.45903 -0.807048 0)
(9.87247 -0.873397 0)
(10.3472 -1.32776 0)
(8.77437 0.182247 -1.11369e-17)
(7.85511 -1.10676 0)
(8.9677 -1.40198 7.67453e-19)
(7.81151 -1.1113 -2.24204e-20)
(7.78801 -1.16114 3.82298e-20)
(9.31393 0.0120591 0)
(9.48794 -1.44667 0)
(7.75621 -1.19434 -4.73414e-19)
(6.81312 -0.469775 5.02026e-18)
(6.88907 -0.110468 -1.81148e-18)
(9.02256 0.00398628 -5.13719e-18)
(7.77756 -1.14083 8.57017e-20)
(10.2655 -0.377066 -1.3575e-17)
(9.80818 -1.36546 -6.44558e-18)
(8.40377 -0.536754 4.3852e-18)
(8.8876 -1.37804 0)
(8.87377 0.0237136 2.27235e-17)
(8.88081 0.0246312 2.72968e-17)
(8.95743 0.0269017 1.55369e-17)
(8.76646 -0.285945 -7.63088e-20)
(7.73236 -1.29235 2.16847e-18)
(8.45469 -1.18643 0)
(8.48472 -0.531724 0)
(10.7854 -1.12873 -1.27629e-19)
(7.50221 -1.25886 1.86612e-18)
(10.7451 -1.18291 3.91698e-18)
(7.71071 -0.9653 2.71224e-18)
(3.71953 -0.599697 0)
(7.79615 -0.92371 2.61024e-19)
(6.91088 -0.821005 0)
(7.7926 -0.821164 -1.62796e-18)
(10.4203 -1.44375 -4.18032e-18)
(7.76487 -0.770161 -3.90592e-18)
(7.75573 -0.858087 1.09754e-18)
(9.59237 -0.00206647 0)
(9.503 -1.4123 0)
(8.58376 -0.737256 3.27682e-18)
(7.89047 -0.996232 0)
(7.07029 -1.16803 0)
(10.072 -1.049 -6.46626e-18)
(8.85397 -0.101969 9.93172e-18)
(8.78315 -1.38226 0)
(7.88465 -1.06917 2.47782e-18)
(8.69922 -1.3727 1.39859e-18)
(7.56386 -0.724775 0)
(9.04069 -1.3796 0)
(7.8683 -1.03814 6.62871e-20)
(8.25662 -1.33468 0)
(6.21303 -1.14585 1.66286e-18)
(7.03438 -0.557653 0)
(9.0085 -1.37567 0)
(7.84582 -1.3028 1.27186e-19)
(6.97842 -0.508748 -2.06358e-18)
(7.66777 -0.853737 0)
(7.95328 -1.14912 0)
(7.61658 -0.825482 0)
(7.14074 0.453837 -1.10216e-17)
(9.23 -0.11432 0)
(8.55875 -1.37583 -1.6391e-18)
(5.71423 -1.03517 0)
(6.01209 -1.06561 -3.43254e-18)
(9.57417 0.016037 0)
(8.30795 -1.34153 -2.40183e-18)
(9.0766 -1.35908 -9.07851e-19)
(8.19064 -1.26427 0)
(8.22801 -0.66516 0)
(9.31309 -0.116605 0)
(9.12745 -1.42249 -1.41373e-18)
(6.06234 -0.0669931 -4.17875e-18)
(7.95163 -1.33131 -1.87188e-18)
(7.16724 -1.20971 0)
(8.86072 -0.0777755 1.72153e-17)
(8.8063 -0.0118863 3.23697e-17)
(8.96912 0.153222 0)
(8.80785 -0.0725552 -1.72286e-17)
(7.82475 -1.15941 1.67754e-18)
(7.12072 -1.22679 0)
(7.86167 -1.13593 8.95751e-20)
(9.07746 -1.50717 -4.47183e-18)
(9.25299 -0.230327 4.83253e-18)
(5.23418 0.897585 7.09754e-18)
(8.8901 -0.0332405 -4.67267e-18)
(9.00905 0.215453 2.17713e-17)
(7.58274 -1.10377 -4.3426e-20)
(9.00861 0.149711 0)
(7.23294 -1.26089 -2.83638e-18)
(9.15977 -0.241496 -2.65413e-17)
(8.05681 -1.22023 6.35671e-19)
(7.67205 -0.896551 0)
(10.1587 -1.37142 3.307e-18)
(4.11749 -0.675489 -1.87514e-17)
(4.14647 2.05308 0)
(7.75524 -1.085 -1.76323e-18)
(7.56771 -1.2635 0)
(7.82818 -1.04783 -2.45602e-18)
(9.01404 0.174098 0)
(5.67418 1.75069 -2.34701e-17)
(8.44529 -1.38373 2.80439e-18)
(3.05327 2.34705 6.95931e-18)
(7.7998 -1.0818 1.68508e-18)
(8.96329 -0.197526 0)
(5.79516 -1.1017 0)
(6.97229 0.535681 -6.92978e-18)
(6.92027 0.773507 7.85187e-19)
(9.27278 -1.38887 -3.08914e-18)
(7.55558 -0.357984 0)
(7.72861 -1.23022 -1.82846e-18)
(8.68531 -1.40695 0)
(11.271 -1.39439 -6.28449e-18)
(6.70393 -1.1604 7.83746e-19)
(7.67095 -0.988267 0)
(7.59035 -1.03747 9.58885e-19)
(9.79064 0.0135036 1.56552e-17)
(9.57792 -1.24741 2.04395e-20)
(7.02632 -0.679201 0)
(6.21599 1.86909 3.90815e-18)
(5.64037 2.26313 -2.11766e-17)
(6.63289 -1.13604 0)
(6.27084 -0.0781412 1.69227e-19)
(7.98586 -1.30938 0)
(6.9343 -1.18837 -8.98016e-19)
(5.20164 -0.907999 0)
(6.67574 0.0156815 0)
(10.505 -1.3821 1.06525e-18)
(7.39922 -1.27618 -2.09227e-18)
(8.94447 -0.069462 2.15829e-17)
(8.91212 -0.06738 -6.79724e-18)
(10.1343 -1.45112 -3.7394e-18)
(6.99424 -1.22416 0)
(8.22776 -1.3829 -1.43672e-18)
(10.2546 -1.42844 3.6275e-18)
(10.0299 -0.0313446 -8.50644e-18)
(10.0677 -1.41296 -6.11577e-18)
(8.16513 -1.24742 0)
(10.5498 -1.38644 3.40079e-18)
(3.444 -0.682335 0)
(8.75496 0.438183 -3.17864e-18)
(3.90821 -0.738431 8.36309e-18)
(8.91462 -0.385389 -2.19924e-18)
(7.70544 -1.32865 0)
(8.21696 0.219505 0)
(12.674 -1.30412 7.30375e-19)
(7.33334 -1.13695 -1.38472e-18)
(6.17786 -1.0513 0)
(3.59899 -0.639644 0)
(8.76049 -0.324249 -5.14368e-18)
(8.85595 -0.337848 3.32886e-18)
(7.63053 -0.929302 4.68838e-20)
(6.16764 -1.08669 0)
(9.51465 -1.54895 0)
(8.1606 -1.35582 0)
(3.92086 -0.684757 1.53926e-18)
(6.72275 -1.1779 -4.27343e-18)
(6.03619 -1.02749 0)
(5.68504 -0.988612 -3.12778e-18)
(7.27249 -1.26054 3.09138e-18)
(14.7772 2.66292 -2.12884e-17)
(6.71412 -1.14536 -3.84731e-18)
(7.03667 -1.22878 -3.36257e-18)
(8.86985 -0.0635242 4.16366e-17)
(8.8811 -0.0538838 -3.15258e-17)
(3.30032 -0.57327 -4.02706e-18)
(8.85893 -0.039342 -3.41566e-17)
(9.15802 -0.095886 0)
(8.96296 -0.00104763 -1.30321e-17)
(7.02965 -0.847404 0)
(5.84184 -1.14553 3.07333e-18)
(7.91563 -1.33406 1.93487e-18)
(7.09084 -0.798074 2.44758e-18)
(8.89422 -1.35307 2.25354e-18)
(8.94575 -0.0810382 1.30606e-17)
(9.78725 -1.34699 -7.1494e-18)
(9.22638 -0.0318825 0)
(9.48837 -1.28752 -3.66017e-18)
(7.54538 -1.06357 -5.31171e-18)
(7.17143 -1.04277 -4.23601e-18)
(5.18757 -0.971695 0)
(7.43925 -0.837968 3.0638e-18)
(7.34275 -0.687293 -6.52485e-18)
(7.12181 -0.663717 3.84751e-18)
(11.5166 -1.13204 -1.02686e-17)
(11.4119 -1.21007 0)
(11.3144 -1.18199 -5.75216e-18)
(7.20669 -1.23422 -1.88857e-19)
(3.91907 -0.652437 0)
(7.73458 -1.03228 -2.5956e-18)
(9.8637 -1.01698 1.22722e-17)
(7.8204 -0.986244 2.25759e-18)
(9.30477 -1.40956 0)
(10.6694 -1.33287 3.63833e-18)
(7.50852 -1.26941 1.78524e-18)
(12.6347 0.473351 2.49665e-17)
(9.02457 0.101422 -2.97056e-17)
(3.59441 -0.645667 1.09053e-17)
(5.12635 -0.859241 0)
(6.05521 -1.04856 2.75607e-18)
(9.04421 0.0686087 -1.88765e-17)
(8.29384 -1.34587 0)
(7.50823 -1.05526 2.24741e-18)
(3.23487 -0.495289 8.31341e-19)
(8.26156 -1.31034 -1.68124e-18)
(5.14219 -0.897089 0)
(7.18496 -0.591522 -1.52398e-18)
(5.01872 -0.920416 4.74619e-19)
(9.47117 -1.37047 -1.99568e-18)
(9.3966 -1.37232 -3.69216e-18)
(10.2064 -0.753254 4.90712e-18)
(9.10351 -1.41559 1.50746e-18)
(6.32413 -1.00318 -1.51325e-17)
(3.3855 -0.640304 1.85504e-18)
(6.69728 -0.474772 -4.88289e-18)
(7.83135 -1.29751 0)
(10.3906 -0.195614 -1.00279e-17)
(7.21902 -0.758344 -2.12283e-18)
(7.6697 -1.07997 1.97508e-18)
(7.69184 -1.05328 1.57236e-18)
(6.51217 -1.10637 0)
(6.60763 2.77574 -1.41467e-17)
(7.62263 -1.08611 0)
(6.13508 0.611125 -6.77983e-18)
(8.93493 -0.732422 3.83146e-18)
(3.54408 -0.625911 3.07303e-18)
(8.03978 -1.39425 4.85046e-19)
(9.6506 -1.38207 2.48894e-18)
(5.36494 -0.940649 -7.22536e-18)
(6.3083 -1.04983 0)
(6.84106 0.169659 0)
(8.51315 -0.545003 -2.76666e-18)
(5.3139 -0.874251 -1.43946e-17)
(12.036 -1.08527 0)
(8.58167 -1.38421 4.06873e-18)
(8.69073 0.195354 -1.73422e-18)
(8.72421 -1.43953 2.50297e-18)
(8.8815 -1.43977 -3.25508e-18)
(6.85948 -0.533875 -2.5019e-18)
(10.4742 -1.46608 -2.72358e-18)
(6.89524 -0.978368 2.41876e-18)
(8.15787 -1.34376 0)
(7.01205 -0.418143 4.02769e-18)
(7.63848 -1.14923 7.69659e-18)
(12.0202 0.454961 5.09247e-18)
(7.77393 -1.31711 -2.3164e-18)
(8.45555 -1.3664 3.82463e-18)
(7.54507 -1.00021 4.7873e-19)
(5.7196 0.538342 1.55514e-18)
(7.21831 -0.714791 0)
(3.29359 -0.74441 4.96841e-18)
(10.8314 -0.619806 9.36611e-18)
(7.93105 -1.09362 -1.2513e-18)
(10.0472 -0.0617221 0)
(7.9674 -1.08386 1.18983e-18)
(7.92023 -1.06531 -1.19808e-18)
(10.1214 -0.168321 0)
(9.43513 -0.0658446 -4.61322e-17)
(10.7206 -0.630932 -7.97855e-18)
(8.31838 -1.37572 2.93267e-18)
(3.8234 -0.601193 -6.81393e-18)
(8.86112 -0.119542 0)
(8.84987 -0.111651 0)
(8.86565 -0.107541 -2.68148e-17)
(4.02631 -0.71599 7.59054e-18)
(7.20162 -1.00211 4.64653e-18)
(7.18123 -0.976816 -3.46124e-19)
(6.9536 -0.909046 -3.26191e-18)
(9.88158 -0.781148 -9.9742e-18)
(10.769 -0.815633 -2.6868e-18)
(5.19037 -0.870253 -4.91504e-18)
(8.70917 0.16626 0)
(6.90024 -0.899109 -3.20376e-18)
(3.60551 -0.584054 4.00548e-18)
(7.26575 -1.05864 -1.12106e-18)
(7.47109 -1.11647 -2.56138e-18)
(10.7558 -0.342855 -1.34875e-17)
(9.61502 -1.29803 -5.70663e-18)
(6.98423 -0.769363 0)
(7.44471 -1.15659 -4.41648e-18)
(8.91496 -0.0172281 0)
(8.38989 -1.34712 0)
(9.54002 -1.31091 5.70532e-18)
(8.49267 -1.28359 0)
(8.08072 -1.17138 0)
(8.22351 -1.33485 -1.96221e-18)
(8.08936 -1.13941 -9.83625e-19)
(10.9858 -1.30157 3.74457e-18)
(5.65874 -1.04536 0)
(5.73487 0.0368541 -1.39923e-17)
(8.79785 -0.335909 1.69289e-19)
(6.75884 -1.01153 0)
(6.68352 -0.73811 -2.9184e-18)
(9.14131 -1.37029 7.87067e-19)
(4.34332 -0.667681 -3.32413e-18)
(9.96065 -1.3822 4.37111e-18)
(7.99519 -1.10001 -2.19568e-18)
(7.99149 -1.12183 2.53451e-18)
(8.07238 -1.31979 1.95342e-18)
(9.96635 -1.39046 -2.3053e-18)
(9.36606 -1.19479 0)
(8.45539 -1.04791 -2.67699e-18)
(8.33296 -1.34764 -3.57693e-19)
(7.5743 -0.850521 0)
(10.0944 -0.973668 5.93555e-18)
(9.81606 -1.31589 3.43524e-18)
(3.57203 -0.620993 0)
(10.9004 -1.35945 -2.7845e-19)
(7.5163 -0.906143 1.80792e-18)
(9.9005 -0.0776156 -1.99793e-17)
(9.44502 -1.46728 0)
(8.11091 -0.102841 2.17767e-17)
(7.97241 -0.102949 3.86326e-20)
(7.93676 -0.225517 1.08715e-17)
(5.91978 0.103262 -1.25341e-16)
(7.89076 -1.21825 1.53749e-18)
(10.0962 -0.271793 5.88801e-19)
(9.1686 -0.145776 7.23369e-17)
(4.05325 -0.579449 2.50391e-18)
(7.57022 -0.891443 -1.5257e-18)
(6.57355 -1.10663 3.93953e-18)
(7.34261 -0.994341 1.13128e-18)
(4.23176 -0.685017 3.09295e-18)
(7.23153 -1.23019 -8.95431e-19)
(7.70335 -1.18639 1.08697e-18)
(8.9902 0.0670635 7.37924e-18)
(7.70368 -1.25719 1.23221e-18)
(10.3716 -1.503 0)
(7.14697 -1.17145 9.29536e-18)
(7.55179 -0.644041 3.883e-18)
(12.2041 -0.469877 -1.0662e-17)
(7.74804 -1.20152 0)
(6.45921 -1.10058 -4.27961e-18)
(7.39775 -0.925378 0)
(11.4558 -0.644435 -2.64005e-18)
(10.1841 -0.0700338 0)
(7.66619 -0.660461 -1.25304e-17)
(7.40758 -0.897522 0)
(7.43822 -0.939859 0)
(7.27359 -0.775774 2.1686e-18)
(12.1072 0.801788 0)
(7.46024 -0.875586 -1.02552e-18)
(11.4379 -0.313613 -2.36985e-17)
(8.51078 -0.276546 5.55724e-18)
(11.5695 -0.231041 1.68044e-17)
(8.43903 -0.273175 7.10691e-18)
(11.8237 1.1736 8.44002e-18)
(7.53782 -1.27643 0)
(9.07819 -1.42769 1.84995e-18)
(8.42583 -1.37013 0)
(6.60201 -0.713416 6.12283e-18)
(9.16602 -1.44734 -4.05926e-18)
(8.15304 -1.32873 -9.08645e-19)
(12.4562 0.989912 -1.35426e-17)
(9.32255 -1.3009 0)
(8.99667 0.360962 4.58322e-18)
(5.14088 -1.23056 0)
(10.3387 -0.452914 1.7159e-17)
(10.5457 -1.47716 1.1687e-18)
(7.16214 -1.11739 5.40047e-18)
(10.7289 -1.42904 0)
(7.83958 -0.712331 -8.17456e-18)
(11.3968 -1.44055 -1.64313e-19)
(10.5008 -0.283987 -4.56457e-18)
(3.8757 -0.747786 -1.65261e-18)
(7.93447 -0.758958 -2.30913e-18)
(10.0561 -1.19701 -8.14569e-18)
(7.87532 -0.772072 -2.75253e-18)
(10.6708 -0.0572383 -9.22542e-18)
(11.5141 -0.762029 4.66971e-18)
(11.7014 -0.373546 -1.69754e-17)
(8.63278 -1.40699 2.42684e-18)
(10.7817 -0.913055 3.62399e-18)
(10.6966 -0.992445 0)
(10.5425 0.202215 0)
(10.1801 -1.44099 0)
(10.3101 -1.4079 -3.77095e-18)
(7.10931 -1.22164 0)
(9.42916 -1.44052 1.25487e-18)
(10.2233 -1.39471 0)
(9.4307 -1.44582 -3.80397e-18)
(9.32768 0.0332613 3.85996e-19)
(5.14053 -0.739039 2.83525e-19)
(3.79337 -0.616041 8.34596e-18)
(6.53355 -1.05057 1.4033e-17)
(13.2231 -0.698083 -3.26565e-18)
(10.1623 -1.10583 -6.5714e-18)
(6.56021 -1.13408 -2.06167e-18)
(8.95724 -0.373154 -1.83324e-17)
(6.3833 -1.09696 -3.82648e-18)
(12.9545 -0.394891 -1.07378e-17)
(5.51425 -0.973593 -1.43654e-20)
(7.29826 -1.17727 -4.81949e-18)
(9.04051 -0.277666 -1.2427e-17)
(9.27619 -1.41873 0)
(3.7703 -0.602167 1.0383e-17)
(9.6831 -1.44738 -2.22213e-18)
(6.67486 -1.1334 -3.06195e-18)
(9.32285 -1.2653 3.72173e-18)
(7.88111 -1.32764 0)
(12.3165 -0.699718 1.09497e-17)
(6.99633 -1.14504 0)
(5.60982 -0.802636 9.17587e-18)
(3.29558 -0.603129 0)
(8.22428 -1.25083 0)
(7.45005 -1.2683 0)
(3.18164 -0.587714 -6.35214e-18)
(4.41682 -0.424409 -1.67399e-17)
(7.85053 -1.31118 0)
(7.71797 -1.31165 2.32664e-18)
(9.04288 0.0929369 8.19122e-17)
(9.01464 0.119412 0)
(9.05118 0.119588 -1.716e-17)
(13.0248 0.409458 8.52824e-19)
(5.13696 -1.08478 -3.68949e-18)
(6.94966 -1.19338 -1.10679e-18)
(8.45456 -1.37099 0)
(5.16078 -1.00525 -8.04795e-18)
(9.59802 -1.21541 0)
(9.51011 -1.23289 0)
(6.92863 -1.16917 -1.46572e-18)
(7.86317 -1.31924 -2.1548e-18)
(10.2564 -0.902768 0)
(8.49766 -1.4149 0)
(8.88778 -1.4347 0)
(9.40729 -1.28469 0)
(9.33032 -1.30226 0)
(8.97088 0.230613 5.53827e-18)
(10.0445 -1.41709 0)
(10.2408 -0.977495 0)
(9.39965 -1.30747 4.62202e-18)
(9.62106 -1.2414 -8.13491e-18)
(5.0872 -1.03744 2.66341e-19)
(7.13861 -0.530532 4.68145e-18)
(6.83893 -1.14208 -7.52853e-18)
(6.03363 -1.41771 1.7603e-17)
(5.15084 -0.905709 0)
(6.14431 -1.10313 -1.39065e-18)
(5.63623 -0.895881 9.59204e-18)
(5.69689 -1.27568 -9.15641e-19)
(8.8453 -1.37642 -6.01009e-18)
(9.81725 -2.0449 0)
(9.685 -1.21858 8.22998e-18)
(9.68371 -1.2499 -4.89847e-18)
(7.50439 -0.968232 -2.86709e-18)
(7.49549 -0.929889 -1.12209e-18)
(7.54337 -0.969499 3.67226e-18)
(8.2124 -1.33235 0)
(9.93958 -1.29418 -4.75987e-20)
(13.5228 -1.43211 -8.68301e-18)
(11.566 -0.427446 1.01909e-17)
(7.40759 -1.26646 -2.71838e-19)
(8.63965 0.887634 -1.37808e-18)
(9.83527 -0.110031 1.81754e-17)
(11.5419 -1.20841 -3.85283e-18)
(9.75814 0.440668 0)
(3.80924 -0.643586 7.24395e-18)
(7.69901 -1.47918 0)
(10.6394 5.05932 2.72753e-18)
(10.9823 -0.77835 -9.93481e-18)
(8.57754 -1.27712 -7.99105e-19)
(10.8796 -0.886672 1.54226e-17)
(10.8508 -0.97424 0)
(7.59984 -1.45819 2.93623e-19)
(7.10331 -1.24035 -5.33414e-18)
(8.53659 0.250951 0)
(10.6258 -1.4754 4.09003e-19)
(9.81517 -1.2654 -3.38829e-19)
(9.77908 -1.26997 8.15189e-18)
(11.5755 0.206693 3.43869e-18)
(7.15268 -1.21582 -1.24712e-19)
(9.79629 -1.24743 -8.26159e-18)
(6.10798 -1.07418 -1.01413e-18)
(10.0974 -1.24189 1.02281e-18)
(5.04396 -0.758693 0)
(8.93142 0.123856 5.86302e-18)
(8.03216 5.18758 0)
(5.85983 3.92162 -8.10541e-19)
(10.7299 -1.33282 -3.74753e-18)
(7.85015 -1.30625 -1.40316e-18)
(3.96667 -0.699874 0)
(8.43242 -1.40291 4.15388e-18)
(9.6975 -1.43043 -2.86781e-18)
(8.77613 0.0928405 6.99605e-19)
(8.83296 0.105927 -2.92418e-18)
(6.40533 -0.986422 0)
(5.82457 -1.20965 -7.04389e-18)
(9.22517 0.189672 -2.36888e-18)
(11.7519 -1.18974 2.39874e-18)
(9.46232 -0.179986 9.07833e-18)
(6.84413 -1.26198 0)
(8.38722 -1.37895 -2.86602e-18)
(9.03667 -1.40846 -9.14896e-19)
(4.68702 -0.692043 3.03657e-18)
(9.76112 -1.17793 -7.25935e-18)
(9.21907 -1.43835 0)
(13.3303 -0.136715 6.61232e-18)
(9.19879 -1.37682 -2.00784e-19)
(10.9221 -1.41766 2.29063e-18)
(10.9646 -1.36187 2.78475e-19)
(9.5817 -1.41829 3.31867e-18)
(7.98638 -1.31788 0)
(7.17055 -1.19669 2.05002e-18)
(6.02262 -0.333091 -1.21281e-19)
(9.78496 -1.4079 0)
(5.87604 -0.285619 0)
(5.89583 -0.157727 -1.15623e-17)
(8.04392 -1.3232 9.85239e-18)
(8.35868 -1.35737 -6.93028e-18)
(9.64663 -1.39459 0)
(5.87743 -1.08544 -4.7148e-18)
(6.08236 -1.02358 1.25417e-18)
(6.31324 -1.08224 1.22429e-18)
(9.67658 -0.057269 0)
(9.6567 -0.147334 -6.79201e-18)
(5.90534 -0.997768 1.64517e-18)
(9.55845 -0.194842 1.25887e-17)
(6.6359 -1.14457 -1.44672e-18)
(6.87418 -1.19868 -3.46452e-18)
(3.24948 -0.812773 4.26391e-18)
(7.21752 -0.890061 -4.00827e-18)
(7.14012 -0.911071 -2.96539e-18)
(9.46995 -1.31719 5.90986e-18)
(8.66632 -1.39303 5.57939e-19)
(9.07342 -1.43216 -1.8735e-18)
(8.93902 -1.37555 -2.26085e-18)
(9.06603 -1.38442 2.14604e-18)
(3.71054 -0.631704 0)
(9.07656 -1.37273 -2.34077e-20)
(3.98636 -0.643065 1.48033e-17)
(8.28241 -1.38589 0)
(8.6638 -1.42603 0)
(8.69152 0.0918319 1.0621e-17)
(3.84916 -0.850169 -4.98392e-18)
(8.63754 0.0731131 -7.55189e-18)
(8.39504 -1.41579 2.35532e-18)
(7.46903 -1.27125 6.63471e-18)
(7.32302 -1.36577 0)
(9.777 -1.41022 0)
(8.59333 -1.40884 0)
(5.02974 -0.782797 6.07786e-18)
(11.0836 -0.749681 -1.11121e-17)
(9.34503 -1.44092 0)
(6.23632 -1.10539 5.14064e-18)
(6.98465 -1.2168 3.3917e-18)
(8.87147 -1.43285 -5.79907e-18)
(8.11478 -1.31035 7.28794e-19)
(8.79587 -1.38561 1.54501e-20)
(8.2716 -1.37299 0)
(9.05037 -1.38552 1.38676e-18)
(7.59766 -1.30242 -4.90271e-18)
(9.08654 -1.38662 0)
(8.8926 -1.39982 1.52692e-18)
(7.87633 -0.824587 -6.01103e-18)
(7.83306 -0.847662 8.95778e-18)
(9.37087 -0.183049 1.34363e-17)
(8.80513 -1.35151 4.67507e-18)
(7.06455 -1.23357 2.59754e-20)
(9.39516 -1.25053 -1.25476e-18)
(9.49611 -1.21568 0)
(7.93164 -1.32574 2.54349e-18)
(8.15218 -1.36321 1.39111e-18)
(10.0387 0.254117 1.39799e-17)
(9.96457 0.166025 0)
(8.64896 -1.34652 -1.61918e-18)
(5.29319 -1.00904 4.13745e-18)
(13.8115 -0.901103 -4.14358e-18)
(10.4788 -0.615912 0)
(6.87937 -1.22422 1.30298e-18)
(3.55211 -0.665467 -2.30469e-18)
(7.64291 -1.28754 1.95669e-19)
(7.57391 -1.27479 1.88985e-18)
(4.01183 -0.619393 -1.34551e-17)
(4.78652 -0.876427 6.99253e-19)
(10.2643 -1.32984 2.67707e-18)
(5.70801 -1.22395 3.32491e-18)
(9.46639 -1.35618 3.60787e-18)
(12.0965 0.0997288 -1.33959e-17)
(5.71238 -1.00484 -5.73619e-18)
(3.73005 -0.663586 1.06144e-17)
(9.77071 -1.13127 1.08184e-17)
(8.68311 -1.39925 -3.96398e-18)
(11.0196 -0.15903 3.52891e-18)
(11.0006 0.0438182 1.60568e-17)
(10.1624 -1.49969 -2.07882e-18)
(9.59326 -1.31887 0)
(7.32374 -0.945981 -2.42463e-18)
(10.2952 -1.21698 0)
(9.95331 -1.18129 0)
(10.2991 -1.1693 0)
(10.0345 -1.14625 -5.45213e-18)
(10.2359 0.159104 -5.58684e-18)
(9.30046 -1.50942 6.56436e-18)
(10.2438 -1.27947 0)
(12.3742 -1.28971 5.10578e-18)
(10.2244 -1.18748 -9.70285e-18)
(6.09297 -1.09077 -2.72529e-18)
(8.73991 -1.39437 5.04812e-19)
(5.83107 -1.00575 -1.03775e-17)
(6.00501 -1.03941 -6.19624e-18)
(13.5897 -0.9551 4.1598e-18)
(10.7445 -0.961052 1.88344e-17)
(3.37419 -0.576924 1.64049e-18)
(8.35412 -0.453895 -2.37347e-17)
(9.93689 -0.321961 0)
(6.78546 -1.15758 -3.6154e-18)
(5.15264 -0.897093 2.66411e-18)
(7.79978 -1.30893 4.71406e-18)
(3.33378 -0.607792 0)
(6.44858 -1.13169 0)
(6.2709 -1.15408 -1.40825e-18)
(7.73345 0.276985 1.13242e-17)
(3.58779 -0.67547 2.08194e-17)
(3.77942 -0.620437 0)
(9.36093 -1.43208 0)
(8.52616 -1.37523 6.70484e-18)
(10.8102 -1.26022 4.57056e-20)
(9.60247 0.108259 0)
(7.22947 -1.24377 -3.39426e-18)
(9.60139 -0.00896737 2.38809e-17)
(10.7985 0.051254 0)
(9.48806 0.128144 0)
(10.3312 -1.29831 3.42277e-19)
(12.5098 -1.2824 -2.40652e-18)
(6.08316 -1.07315 -3.86725e-18)
(8.57906 0.131054 -7.2091e-18)
(3.31613 -0.597539 -5.02061e-21)
(8.56008 0.081927 2.01446e-17)
(7.78287 1.10097 -1.09192e-17)
(11.4892 -0.876415 3.44607e-18)
(9.17333 -1.3821 2.55961e-18)
(6.03484 -1.04637 -1.29985e-19)
(4.02494 -0.447404 -7.94052e-18)
(5.08552 -0.93233 -1.02499e-19)
(11.6606 -0.965022 1.30474e-19)
(6.92535 -1.17391 0)
(6.81816 4.61558 -7.62476e-18)
(6.18103 -1.0663 6.23284e-18)
(5.14979 -0.800283 -3.83082e-18)
(6.41163 -1.12888 1.05343e-18)
(3.96992 -0.440555 -1.39224e-19)
(6.37331 -1.13885 0)
(7.37509 -1.31148 -2.59904e-18)
(7.09826 -1.16347 1.81608e-18)
(9.54989 -1.44054 2.22559e-18)
(8.80082 -1.39423 0)
(6.87494 -1.1761 0)
(8.47059 -1.36687 4.55036e-18)
(8.88262 -1.40766 1.92833e-18)
(10.3649 -0.639708 -1.515e-18)
(5.20288 -0.865945 -6.60464e-19)
(9.23276 -1.1541 5.60325e-18)
(8.63442 0.112407 0)
(10.461 -1.35087 -9.43118e-18)
(8.56952 -1.37081 -2.48162e-18)
(8.58624 0.0818091 -1.902e-17)
(5.10789 -0.874988 -7.77988e-18)
(7.93303 -1.31978 2.30965e-19)
(7.2151 -1.23219 5.09921e-18)
(5.81178 -1.02293 0)
(12.9095 -1.23888 0)
)
;

boundaryField
{
    frontAndBack
    {
        type            empty;
    }
    outlet
    {
        type            freestream;
        freestreamValue uniform (9 0 0);
        value           nonuniform List<vector> 7((8.90934 -0.113868 0) (8.88617 0.0917333 -1.6382e-17) (9.81315 0.201225 0) (9.78324 -0.191405 5.10185e-17) (8.89729 0.216071 -8.59362e-17) (8.92555 -0.210022 0) (8.71038 -0.00261224 0));
    }
    walls
    {
        type            noSlip;
    }
    inlet
    {
        type            freestream;
        freestreamValue uniform (9 0 0);
        value           uniform (9 0 0);
    }
    airfoil
    {
        type            noSlip;
    }
}


// ************************************************************************* //
