/*--------------------------------*- C++ -*----------------------------------*\
| =========                 |                                                 |
| \\      /  F ield         | OpenFOAM: The Open Source CFD Toolbox           |
|  \\    /   O peration     | Version:  2206                                  |
|   \\  /    A nd           | Website:  www.openfoam.com                      |
|    \\/     M anipulation  |                                                 |
\*---------------------------------------------------------------------------*/
FoamFile
{
    version     2.0;
    format      ascii;
    arch        "LSB;label=32;scalar=64";
    class       volVectorField;
    location    "233";
    object      U;
}
// * * * * * * * * * * * * * * * * * * * * * * * * * * * * * * * * * * * * * //

dimensions      [0 1 -1 0 0 0 0];

internalField   nonuniform List<vector> 
2283
(
(10.0389 -0.0189104 1.71503e-18)
(9.75895 -0.00509018 5.49219e-17)
(6.03968 -1.07015 -5.00831e-18)
(6.2857 -1.08612 4.93068e-18)
(7.59062 -1.19197 0)
(7.62275 -1.27376 0)
(9.34204 -0.0622002 0)
(9.29604 -0.0143624 -1.37347e-18)
(3.70677 -0.685304 -1.96194e-18)
(19.1056 6.29795 0)
(16.8721 4.13481 3.08618e-18)
(7.88281 0.59492 -5.84099e-17)
(6.96219 0.629621 -6.33462e-18)
(9.66028 -0.954894 6.45231e-18)
(7.6758 0.446821 -1.14315e-17)
(8.82107 0.866323 0)
(9.00612 0.914238 2.1506e-18)
(7.30202 -0.543951 8.14547e-20)
(9.9259 0.00862459 0)
(7.24863 -1.22948 -5.70799e-18)
(8.60707 -1.35661 2.36411e-18)
(8.32878 -1.34173 0)
(9.04405 0.0242752 4.53252e-17)
(8.99356 0.0154864 -1.0789e-16)
(9.34602 -0.0385404 0)
(10.0863 0.00882412 6.27282e-17)
(8.80715 0.298163 0)
(10.9018 -0.999852 0)
(8.742 0.270719 0)
(5.4063 -0.938043 1.6754e-18)
(3.63198 -0.619927 -5.48555e-18)
(8.49103 0.0392309 0)
(8.43313 -0.0108628 -2.77747e-18)
(8.77289 0.046024 -2.38952e-17)
(9.09876 0.0110652 0)
(8.66824 -0.189897 -8.35291e-18)
(8.7207 -0.235068 0)
(8.89464 0.110242 1.42885e-17)
(8.92365 0.120546 -1.98241e-17)
(9.70339 -0.0123402 -9.94658e-17)
(6.53277 -0.061135 1.12049e-16)
(9.53869 -1.04465 -9.13359e-18)
(8.83081 -1.41656 2.08151e-18)
(9.27542 -1.45277 -3.6664e-18)
(11.2033 -0.82375 4.9918e-18)
(11.2548 -0.955204 0)
(7.53938 -1.4368 3.02237e-18)
(5.82028 0.351075 -1.56948e-18)
(5.63152 0.147618 0)
(8.76167 -0.0883872 -6.54991e-19)
(7.6055 -1.1917 3.92264e-18)
(8.80987 -0.0954027 1.50463e-19)
(9.72883 -0.384996 5.83687e-19)
(10.5165 -1.21151 2.7752e-18)
(10.2615 0.0219061 -2.53107e-18)
(9.74515 -1.44512 -5.00353e-18)
(7.25953 -0.597535 0)
(7.29713 -0.227581 0)
(3.8584 -0.619667 0)
(10.1497 -0.0797959 2.70791e-17)
(7.23121 -0.297096 -8.3527e-18)
(11.094 1.34401 -1.14053e-17)
(9.81415 -1.43037 0)
(11.2005 -0.584245 1.41787e-17)
(3.71328 -0.668149 -1.64831e-18)
(9.82801 0.0778283 -1.00498e-17)
(10.0752 0.065257 1.04302e-16)
(11.1452 -0.463957 0)
(7.4684 -1.25528 -2.13687e-18)
(9.02376 -1.43436 3.01242e-18)
(7.98421 -0.85576 -2.72211e-18)
(8.51529 -1.34479 -2.94763e-19)
(9.63708 1.6592 2.73906e-17)
(6.55806 -0.0113507 3.44386e-17)
(9.30698 -0.671536 -3.14112e-17)
(8.56946 -1.29393 0)
(8.84862 0.0266973 1.34993e-18)
(8.77368 0.107296 1.84388e-18)
(8.99565 0.103796 0)
(9.02505 0.0788625 0)
(8.87027 -0.259741 1.22012e-18)
(8.89728 -0.281968 0)
(10.4448 -1.23088 -1.43398e-18)
(8.33116 -1.3672 5.15283e-20)
(3.65329 -0.836887 2.7228e-18)
(8.49686 -1.37618 2.34395e-19)
(11.4951 -1.4497 1.62133e-19)
(10.4501 -1.12686 0)
(10.1247 -1.48563 1.65226e-20)
(10.425 -1.44399 1.88918e-18)
(9.50696 -1.13237 0)
(15.4328 8.60353 0)
(10.402 -1.19097 0)
(8.86102 -0.203741 -1.21696e-17)
(8.75657 -0.23278 0)
(8.68563 -0.0159958 1.27249e-17)
(9.65713 1.29298 -2.09908e-17)
(7.48591 -1.30802 2.84162e-18)
(8.8537 -0.0303968 -4.12494e-17)
(6.81737 -1.21048 -4.17019e-18)
(10.3491 1.01967 -2.23083e-17)
(9.95012 1.06134 4.1652e-17)
(10.3596 -0.298219 4.5557e-17)
(10.0161 -1.44911 0)
(5.74828 -0.985099 0)
(10.0653 6.97248 0)
(9.41112 -0.0447759 -1.35811e-16)
(9.47364 -0.00505082 2.22998e-18)
(7.1019 -1.13287 0)
(4.82358 -0.777634 0)
(9.16607 0.00692025 -6.72871e-17)
(8.61097 0.248651 1.3313e-17)
(8.68244 0.302664 -1.14046e-17)
(8.65813 -0.675654 -5.41228e-18)
(8.86468 -0.516775 -4.8784e-19)
(10.1137 6.65128 3.22872e-19)
(7.16028 0.449856 1.29705e-17)
(9.46002 -0.000419588 -2.12999e-17)
(7.86539 -1.38686 0)
(8.60189 -0.432747 7.31956e-20)
(8.55961 -0.579863 -4.20239e-18)
(9.41502 -1.45016 4.35753e-18)
(8.96787 0.270981 5.94118e-19)
(9.00615 0.296496 -4.57633e-18)
(3.66561 -0.694432 -3.80804e-18)
(8.35003 -1.21748 -1.55531e-17)
(9.57825 -1.12927 7.81825e-18)
(9.24659 -1.45659 0)
(7.86113 -1.30371 0)
(10.7016 -1.41117 2.20732e-18)
(8.26094 -1.09038 2.51459e-18)
(7.09969 -0.91714 0)
(4.72166 -0.598182 -1.90517e-18)
(9.36159 -0.469118 0)
(8.25844 -1.02621 0)
(7.40281 -0.973325 -1.13912e-18)
(9.04272 -0.15974 -3.10243e-17)
(9.05383 -0.17951 -6.95068e-18)
(7.24765 -1.24379 0)
(4.27783 -1.43018 3.08287e-18)
(7.14931 -0.280778 4.16006e-18)
(7.90366 -0.747478 1.14072e-17)
(7.28317 -0.920236 2.80825e-18)
(8.0177 -0.946376 0)
(7.38158 -0.322424 -3.61975e-18)
(5.30224 -1.10529 0)
(11.6613 -0.0048189 4.80929e-18)
(8.86811 0.137194 3.89859e-17)
(9.01104 -0.0288012 0)
(9.11656 -1.04155 1.66224e-17)
(8.99366 -0.0129975 3.15876e-17)
(7.48872 -0.277179 -2.39713e-18)
(8.42069 -0.37534 -3.38657e-17)
(8.49968 -0.462549 0)
(7.60179 -1.26841 -6.37836e-18)
(8.22222 -1.28996 0)
(6.80769 -1.19092 3.79031e-18)
(6.27131 -1.11707 0)
(8.12891 -1.0276 -2.96983e-18)
(7.62171 -1.29379 -3.62458e-18)
(7.12338 -0.0746864 -5.65874e-18)
(10.138 -0.057623 -1.21662e-16)
(7.01174 0.0125626 1.03932e-17)
(11.6433 -1.21952 6.87868e-18)
(9.66935 0.344869 -2.04163e-17)
(11.2084 -1.04468 9.59478e-19)
(9.51111 0.347696 9.11436e-18)
(8.04993 -1.34448 4.86743e-18)
(9.22508 0.427356 -1.10739e-17)
(8.30338 -0.94846 2.56709e-18)
(5.86674 -1.03947 1.43456e-18)
(3.95875 -0.700799 0)
(5.82784 -1.27797 5.57062e-18)
(7.44988 -1.26725 7.32764e-19)
(9.34488 -0.243741 0)
(8.44768 -0.20658 2.50054e-18)
(11.0676 -0.84488 4.47769e-18)
(10.9884 -0.976127 -8.69544e-18)
(7.74753 -1.2819 1.71755e-19)
(6.61652 -1.11069 -2.98532e-18)
(9.19519 -1.30316 -9.21822e-18)
(6.75585 4.09376 -1.03602e-17)
(4.24731 2.36013 3.39749e-17)
(9.37123 6.38382 -7.72593e-19)
(6.29855 -0.43913 8.57602e-18)
(6.10764 -0.51335 -4.08515e-18)
(7.55632 5.60926 1.80228e-18)
(5.50524 4.58611 -6.40671e-18)
(7.57558 -1.13758 -1.07056e-18)
(5.97896 1.58923 3.16912e-18)
(9.41128 -0.965178 3.7488e-18)
(8.62305 -0.0565087 0)
(9.11013 1.15401 6.46981e-18)
(9.11136 -0.902744 -2.19177e-17)
(5.92922 0.697127 -1.50287e-18)
(6.25224 0.679296 0)
(7.60441 -0.608193 6.3883e-18)
(7.60423 -0.525123 -1.09524e-17)
(10.5278 -1.29681 5.19258e-18)
(10.561 -1.31513 -2.70826e-18)
(7.70858 -0.832356 -3.45053e-18)
(7.71233 -0.768266 7.19593e-18)
(5.99974 -0.995996 6.14468e-19)
(10.6483 -1.26615 -3.48543e-18)
(6.64861 -1.18673 -4.31526e-19)
(9.15893 5.30637 -6.79208e-18)
(16.1821 3.46005 0)
(8.75267 4.85969 -4.43378e-19)
(7.53604 -0.462542 0)
(5.94523 2.41327 -6.85985e-18)
(9.03822 0.219497 0)
(9.01359 0.176923 0)
(4.47963 -0.898983 -9.548e-19)
(7.93647 -0.998943 0)
(8.65952 -1.36161 0)
(8.1019 -0.995832 1.11707e-18)
(9.16637 -1.43278 -2.5112e-18)
(8.04694 -0.994744 2.55577e-18)
(9.66426 -1.30043 0)
(4.46653 -0.920864 -3.0053e-18)
(4.56017 -0.783354 0)
(7.93908 -0.435195 1.11228e-17)
(4.99873 -3.08962 1.54672e-17)
(8.37092 -1.33209 -1.34637e-18)
(7.95311 -1.37215 0)
(5.15076 -0.945182 -1.75861e-18)
(6.72028 -1.18894 -1.62015e-18)
(7.96153 -1.33776 4.02835e-18)
(6.40979 -1.12415 2.50516e-18)
(8.92169 0.61215 0)
(7.67373 -1.30819 0)
(5.26942 -1.26261 0)
(5.95206 -1.13281 -1.72236e-18)
(10.6652 -1.20498 -7.5835e-19)
(10.6224 -1.14149 0)
(8.21528 3.90628 2.20342e-19)
(5.27219 -0.929599 5.18707e-18)
(7.89717 -0.00697192 -1.34133e-17)
(3.69427 -2.06321 -3.08782e-17)
(9.04403 0.638905 -3.19266e-18)
(9.76993 -0.71985 -3.67773e-18)
(8.02519 -1.03207 1.93541e-18)
(3.7649 -0.682262 -9.69641e-18)
(9.09947 0.778184 3.12256e-18)
(7.4346 -1.31659 5.64695e-18)
(7.97583 0.139563 -1.16075e-18)
(8.31434 -1.37062 -1.19242e-18)
(8.55552 -1.38629 -2.458e-18)
(8.09305 -0.565271 8.14092e-18)
(8.54615 0.503036 1.15177e-17)
(9.44485 0.00756995 0)
(5.49951 -0.944697 -9.90549e-18)
(5.39377 -0.829725 -7.94814e-18)
(9.6512 -0.804799 0)
(4.32226 -0.470488 8.56443e-18)
(8.5189 -1.37261 6.64876e-18)
(5.51955 -1.74363 -5.94011e-18)
(7.85506 -0.383197 4.48014e-19)
(7.90788 0.256307 2.11626e-17)
(12.1403 -1.26006 -1.07797e-18)
(11.9 -1.33359 0)
(7.84026 -0.279028 -5.64862e-18)
(7.45968 -1.08516 2.36401e-18)
(5.20826 -0.877913 -1.63999e-18)
(7.24763 -0.942788 -6.1951e-18)
(9.8536 -1.33857 1.10288e-17)
(9.5166 -0.815029 -4.43811e-18)
(8.83271 -0.132922 0)
(7.69503 -1.29503 0)
(8.85027 -0.139998 0)
(7.74103 -0.233565 0)
(7.789 -0.448797 9.3158e-18)
(7.52629 -0.132997 1.14646e-17)
(8.24009 -1.271 -2.14229e-18)
(7.48069 -0.514882 0)
(8.27593 -1.19836 -5.99355e-19)
(7.21399 -1.25274 8.46928e-19)
(7.92558 -0.912012 -3.03761e-18)
(12.3547 1.57476 0)
(7.87561 -1.24928 4.14728e-18)
(7.96659 -0.953826 0)
(12.6045 2.01371 2.9285e-17)
(9.12181 -1.41408 -1.50057e-18)
(3.79935 -0.645957 -8.83226e-19)
(7.62856 -1.3247 -2.70046e-18)
(8.26899 -0.509072 -4.65473e-18)
(11.036 -0.53362 -1.01505e-17)
(8.72249 -1.3627 -3.03675e-18)
(8.58887 -1.37191 -1.40645e-18)
(6.24981 -0.214423 -1.06129e-17)
(6.38602 -0.270798 1.04311e-17)
(8.56981 1.28137 -3.81758e-20)
(10.9773 -0.687359 1.03395e-17)
(8.14755 -1.40377 0)
(5.32029 -0.935027 2.99337e-18)
(7.21407 -1.2164 0)
(4.96871 -0.873946 0)
(9.30948 -1.46126 -2.1788e-18)
(8.08484 -0.742213 4.827e-18)
(10.0505 -1.49722 0)
(7.69123 -1.40917 0)
(8.03161 -1.24269 0)
(8.01127 -1.23967 -1.02858e-19)
(8.79567 -0.271041 0)
(9.05121 -0.246016 1.872e-17)
(8.67575 -0.16615 2.17551e-18)
(8.84301 -0.156733 0)
(7.42429 -0.488773 -9.24078e-19)
(9.0626 -1.33523 6.09265e-18)
(9.1882 -1.31947 0)
(8.58334 -0.362484 -3.36571e-18)
(9.62884 0.0195859 -5.76701e-17)
(8.31828 -0.402096 2.76441e-18)
(8.28544 -0.628201 6.15902e-18)
(8.41653 -0.772222 -2.82962e-18)
(6.58948 -0.584058 5.67586e-18)
(6.80368 -0.603661 1.24725e-18)
(10.9356 -0.48891 1.53559e-17)
(9.43786 0.0215746 5.60261e-17)
(8.2461 -1.18728 0)
(7.295 -0.983713 1.12956e-18)
(9.09 -1.35383 -5.20266e-18)
(10.2665 -0.0145784 0)
(8.83683 -1.36358 0)
(7.54105 -1.09639 4.48373e-18)
(7.50723 -1.1248 0)
(7.62591 -1.05031 0)
(7.66557 -1.02692 1.68036e-18)
(10.9037 -0.321151 2.50665e-18)
(3.45309 -0.612431 4.50078e-18)
(10.3947 -0.930179 0)
(6.65885 -0.633462 -5.29275e-18)
(6.72481 -0.0945549 7.52963e-18)
(7.78885 -0.967558 -2.28405e-18)
(8.89983 0.107714 0)
(8.85905 0.102309 1.88313e-17)
(7.74679 -0.986707 2.79333e-18)
(9.87998 -1.41699 3.4255e-18)
(8.16055 1.79262 3.51444e-18)
(9.17695 -1.34071 1.00934e-17)
(9.39315 -0.311864 0)
(8.52601 -0.681279 -1.22074e-18)
(8.27792 -1.66664 1.70876e-17)
(5.54356 -1.15191 -2.61302e-17)
(8.49253 -0.830824 5.75477e-18)
(9.08215 -1.34608 -5.12775e-18)
(5.04562 -1.12636 -2.95555e-18)
(10.027 -1.32559 -4.84981e-18)
(3.63813 -0.621199 2.10189e-18)
(8.67075 -1.41794 -7.54872e-18)
(8.17794 -1.28858 0)
(9.61279 -1.37719 0)
(7.49332 -0.606196 -2.95041e-18)
(9.32745 -0.382545 0)
(9.0328 0.0782743 -2.4657e-17)
(7.29025 -1.1383 0)
(8.30228 1.36618 -3.16091e-18)
(7.87369 -1.18875 0)
(7.8237 -1.19273 -4.07339e-19)
(7.91655 -1.15039 0)
(7.90534 -1.12486 0)
(7.24692 -1.21164 0)
(10.1923 -1.39342 -5.65896e-18)
(10.7309 -1.45543 8.20432e-18)
(9.20992 -0.156951 -3.69186e-18)
(9.11626 -1.33314 0)
(7.24999 0.901212 5.25281e-18)
(8.98426 -1.43678 4.74804e-21)
(13.3209 -1.07413 2.17927e-17)
(6.72494 -1.12168 1.61556e-17)
(4.57488 -0.764718 -1.44464e-17)
(11.1071 -1.19501 3.21223e-18)
(9.14178 -0.152359 3.07118e-18)
(11.0818 -1.07744 0)
(10.1733 -1.29978 1.06375e-18)
(8.57775 8.6568e-05 9.12552e-18)
(9.12489 -0.178154 -2.1033e-17)
(11.5793 -1.39351 0)
(12.9972 -1.16787 3.27052e-18)
(14.7948 -0.986127 -2.26958e-17)
(11.2053 2.28429 -2.26242e-18)
(8.5801 -0.44823 0)
(9.09996 -0.0518034 0)
(9.93537 -0.0118616 7.39624e-19)
(9.58278 -0.00609225 1.04464e-18)
(10.8971 -1.12349 6.91949e-18)
(8.88594 -0.0699921 0)
(10.106 -1.10941 7.28162e-18)
(10.1364 -1.04521 0)
(7.76242 -1.04762 0)
(7.80567 -1.02343 0)
(6.51269 1.50304 1.79498e-17)
(9.7631 -0.95517 2.48609e-18)
(10.1038 -1.35553 -1.43674e-18)
(11.0375 -1.2303 0)
(8.72541 -1.36501 -2.16046e-18)
(10.9616 -1.19573 -3.68226e-18)
(10.1655 -1.25639 1.87145e-18)
(15.0263 -0.046341 0)
(7.73482 -1.32583 -3.71405e-18)
(1.8214 0.227106 6.56208e-17)
(7.43151 -0.767743 1.74427e-18)
(7.46639 -0.721011 -6.91687e-18)
(7.37984 -0.773877 0)
(2.06756 0.944956 4.17162e-18)
(7.34119 -0.74311 0)
(8.34817 -0.791537 0)
(7.68033 -1.27446 1.57122e-18)
(7.24583 -1.2017 -1.70874e-18)
(6.89504 -1.19502 9.12821e-19)
(8.27052 1.95501 -2.70935e-18)
(10.1075 -1.27393 1.80668e-18)
(6.45891 0.0191323 6.14589e-18)
(8.20975 -0.445276 -2.0585e-17)
(7.63261 -0.972553 2.99718e-18)
(7.58956 -1.00518 0)
(9.14161 0.0348695 -2.23415e-17)
(7.71708 -0.921638 -5.16104e-18)
(7.75895 -0.900288 1.8528e-18)
(5.77308 -0.943911 0)
(6.8764 -0.303853 9.2557e-19)
(5.68894 -0.10096 2.54449e-17)
(8.34258 0.20041 0)
(10.2351 0.0577917 -1.47473e-17)
(2.85047 0.524565 -3.73218e-17)
(9.03369 0.0206651 1.85147e-17)
(9.05996 0.0304729 -4.16161e-17)
(8.83352 -0.0154474 -3.23386e-17)
(6.95309 -0.231428 -1.62885e-18)
(7.61416 -0.758767 0)
(8.81702 0.00816016 0)
(8.04768 -0.282746 3.2661e-18)
(8.12301 -0.462409 2.08553e-17)
(7.66589 -0.729374 7.19466e-18)
(8.50468 -0.0055565 0)
(8.99663 0.0493706 3.48854e-17)
(8.97341 0.0627167 3.51268e-17)
(8.96807 0.0380882 5.82345e-19)
(7.8479 -1.27853 -3.33997e-18)
(10.3466 -1.21736 -2.71747e-19)
(8.27803 -0.0271367 1.18361e-17)
(9.72839 0.0719902 -1.35543e-17)
(8.96811 0.00223153 0)
(7.84368 -1.40585 0)
(8.74873 0.571627 9.49486e-18)
(8.04417 -0.375063 0)
(7.87176 -0.932151 1.90194e-18)
(5.76973 -1.08167 0)
(4.6057 -0.715883 -6.76462e-19)
(8.26806 -0.755764 3.76024e-18)
(4.73825 -0.959897 -1.53064e-18)
(7.86179 -0.970039 -4.63799e-18)
(8.15011 0.829716 1.5769e-18)
(6.67747 1.27607 1.09748e-17)
(8.85389 -0.0432244 -1.55777e-17)
(6.24623 0.996066 0)
(8.22254 -1.30918 1.14107e-18)
(7.15706 -0.798934 -1.44513e-18)
(8.88551 0.015283 2.82744e-17)
(8.98645 0.0123337 0)
(9.3906 -0.0304648 5.74897e-17)
(5.91959 0.940203 -1.00913e-17)
(6.03682 -1.07579 -3.04696e-20)
(8.79083 0.0548144 3.16722e-18)
(7.83477 -0.901894 -3.87885e-18)
(7.33996 -0.82703 0)
(6.64501 -1.15221 0)
(8.88561 -0.0359018 7.50684e-19)
(8.80935 -0.0778171 -1.10479e-17)
(8.93434 0.0342631 -2.30939e-18)
(8.99841 -0.0485819 7.49061e-19)
(4.04586 -0.722563 -5.58945e-18)
(11.2344 -1.27518 4.47706e-19)
(8.88009 -0.0415831 -9.82302e-19)
(8.62433 -0.258779 0)
(8.66553 -0.158527 3.68847e-18)
(8.56981 -0.208356 0)
(8.64149 -0.331172 0)
(8.57713 -0.345378 0)
(4.996 -0.875634 5.42695e-19)
(6.18983 -1.09235 1.25369e-18)
(9.18171 -0.0688681 0)
(6.51116 0.0270915 5.49073e-17)
(9.69567 -0.293145 -2.92094e-17)
(8.88311 0.112156 -1.29815e-17)
(8.87328 -0.0458446 -1.73591e-17)
(6.42379 -1.14088 -9.69959e-19)
(8.58031 -1.04218 0)
(9.86039 -0.0263171 -5.40081e-17)
(5.24061 0.206448 -1.51605e-17)
(8.72596 -0.0915073 -8.48339e-18)
(8.67376 -0.0874597 9.56459e-18)
(8.86125 -0.064456 7.44054e-18)
(8.98114 -0.0356035 7.3396e-18)
(8.8784 -0.0507334 -1.53719e-17)
(8.85725 -0.0395955 3.20074e-17)
(9.33305 -1.42474 -3.44452e-18)
(9.06497 0.0285701 -1.99029e-17)
(7.61577 -1.15015 -4.07954e-18)
(8.86153 -0.0352837 -6.52018e-17)
(9.88372 -1.36095 1.28777e-18)
(10.1541 -0.84162 0)
(8.92774 0.126991 1.49345e-17)
(8.93029 0.131295 -3.1994e-18)
(9.00796 -1.37885 -2.81677e-20)
(10.178 -0.906912 0)
(11.8611 0.327833 0)
(10.1438 0.110733 -6.94085e-17)
(9.23126 0.0206911 -1.99874e-17)
(9.63412 0.0621698 0)
(8.3951 0.149165 1.23403e-17)
(8.4563 -0.384072 0)
(9.14304 0.0424505 4.07548e-17)
(9.05693 0.0839022 -6.81673e-17)
(9.19728 0.0785784 5.23417e-17)
(8.75192 -0.115407 5.5515e-19)
(8.81463 -0.0586323 -7.89184e-19)
(11.8091 0.0608341 -1.43047e-17)
(11.3392 -0.134777 -1.04496e-17)
(11.1926 -0.25235 1.02638e-17)
(11.1947 0.266235 -3.60311e-17)
(11.405 0.113522 9.95214e-18)
(9.08544 0.0782239 2.9274e-17)
(9.00221 0.0559391 -3.67151e-17)
(8.86507 0.270556 0)
(8.83299 -0.424136 2.60218e-17)
(8.90042 0.0575646 2.17181e-17)
(8.88017 -0.472046 4.1776e-18)
(9.0274 -0.0910908 -2.77818e-17)
(9.03579 -0.0736124 2.56382e-17)
(9.6841 0.0580956 -1.3698e-17)
(8.36458 0.0508887 0)
(3.51973 -0.768046 -1.09284e-18)
(8.34247 0.712672 -1.28549e-17)
(8.52806 0.814125 8.12959e-18)
(9.08398 -0.0567832 -2.39729e-17)
(9.02398 -0.0661703 0)
(8.99276 -0.114501 0)
(8.92403 -0.00760955 1.85483e-17)
(9.02008 -0.123551 3.63767e-19)
(11.963 -0.114728 -3.30366e-18)
(11.8283 -0.140022 9.17308e-18)
(10.5339 0.0188802 -6.99531e-18)
(10.6788 -0.858395 -5.05561e-18)
(10.3989 -0.0516208 2.80015e-17)
(8.31712 -1.16151 2.52434e-19)
(10.06 -0.311117 0)
(8.88606 0.0823951 1.47148e-19)
(9.68696 -0.0496098 2.2004e-17)
(9.36504 -0.0092076 -5.52623e-18)
(9.05636 -0.0243329 -1.76827e-17)
(8.92662 0.0615424 -2.09593e-17)
(10.0599 -0.077956 5.46906e-18)
(9.93603 -0.0638346 -7.71094e-18)
(9.52959 -0.0108785 0)
(9.6444 -0.0108148 5.48304e-18)
(9.42398 -0.0277837 -9.59715e-18)
(10.0134 0.11387 -6.87012e-18)
(9.93881 0.0551239 3.5433e-18)
(8.96256 0.0595244 5.45944e-17)
(7.74367 -0.0120701 0)
(7.70704 -1.30756 1.4673e-18)
(8.00461 -1.33249 0)
(8.00535 -1.26319 -9.84723e-19)
(7.79211 -1.31283 4.57909e-19)
(7.31851 -1.24615 -5.78932e-19)
(8.01131 -1.25847 1.09944e-19)
(9.9891 -0.124664 5.44147e-17)
(9.36548 -0.0803587 -5.33472e-17)
(10.1723 -0.0780378 -4.61346e-17)
(9.53269 -0.0579905 0)
(10.0652 -0.221454 4.60682e-17)
(8.72145 -0.369463 0)
(7.95417 -1.02443 0)
(8.85722 0.0453452 -1.68244e-17)
(7.08532 -1.25235 8.08916e-18)
(8.40093 0.325772 -4.64527e-18)
(10.059 -0.442657 0)
(7.37668 -0.407015 7.64975e-18)
(9.73362 0.0352325 3.33736e-18)
(6.62137 0.00517559 0)
(8.62609 0.593337 -1.36025e-17)
(9.56785 -0.0754576 7.11363e-17)
(7.98436 -1.03796 3.0933e-18)
(7.37467 -0.570116 6.88283e-18)
(9.01059 0.00647795 3.86779e-17)
(8.44048 -0.676544 -1.60757e-18)
(6.91682 -0.145236 0)
(9.67521 0.0484044 3.09521e-18)
(6.61718 -0.00970875 0)
(7.52463 -1.15181 1.71943e-18)
(10.0537 0.0569927 -6.27166e-17)
(6.92264 0.120852 0)
(7.5025 -1.17535 2.3314e-18)
(8.38125 -0.613087 0)
(10.0711 -0.100745 -8.19258e-18)
(8.83104 0.634048 -7.61801e-19)
(8.79534 -0.0178108 2.4584e-17)
(6.71622 0.17914 -3.28418e-17)
(9.18533 -0.0917143 0)
(6.43899 0.0134931 1.20333e-16)
(8.56108 -0.153108 -9.57448e-18)
(8.59195 -0.156425 0)
(7.14475 -0.709187 0)
(10.3013 -0.0721741 2.57109e-16)
(10.0616 -0.181151 -4.65774e-17)
(3.71607 -0.127185 -4.37137e-18)
(9.99891 0.141828 9.11544e-17)
(10.1739 0.314497 2.63834e-17)
(8.63041 -0.191908 0)
(6.17289 -1.0504 0)
(7.07205 -0.76265 0)
(5.25131 -0.902812 0)
(2.55995 -0.1511 0)
(8.15302 -1.33267 0)
(8.80978 3.3551e-05 6.90762e-19)
(8.94242 0.0434829 0)
(8.98395 0.0284065 -1.96133e-17)
(8.9308 -0.023649 -1.33515e-18)
(8.90931 -0.113865 0)
(8.50915 0.33076 0)
(9.18999 0.00297298 2.04444e-17)
(8.90718 -0.023805 2.29103e-17)
(9.92203 0.000604528 0)
(8.71943 -0.118934 6.85737e-18)
(8.97603 -0.0568019 1.98116e-18)
(10.521 -1.00277 -1.72152e-18)
(10.1013 0.0331267 -5.63789e-18)
(9.42991 -0.0278 6.44573e-18)
(8.88706 0.0143968 3.08654e-17)
(10.1768 -0.601337 -7.77244e-18)
(10.6059 -0.976241 -5.45072e-18)
(10.0933 0.461371 -1.16105e-17)
(9.79514 -0.0613811 0)
(9.56421 -0.309251 -1.20095e-17)
(6.78698 -0.950726 2.61094e-18)
(8.97087 0.002003 8.00913e-17)
(9.00842 0.0205921 -8.20401e-17)
(10.1467 -0.683886 -4.25953e-18)
(8.36585 -1.18206 -2.30444e-18)
(8.13006 -1.33829 1.09995e-20)
(10.1402 0.0411929 9.5108e-17)
(10.4385 -1.07804 2.9222e-18)
(6.40438 2.69968 2.71507e-18)
(6.81163 -0.837458 0)
(9.48174 -0.349204 -5.0273e-19)
(8.59444 -0.119758 0)
(8.62832 -0.119568 0)
(9.94926 0.581294 -1.70774e-17)
(8.27701 -1.24544 4.44431e-18)
(9.53198 -0.165 -2.75657e-17)
(9.02674 0.175757 1.44474e-17)
(8.51858 -1.07896 -4.54034e-18)
(8.86802 -0.0092088 0)
(8.99391 0.000467585 -1.4706e-17)
(8.08367 -1.34417 -1.35447e-18)
(9.02195 0.195982 9.26537e-19)
(8.90416 0.0191498 0)
(9.22766 -1.23598 -6.45334e-18)
(7.27849 -0.664366 6.9619e-18)
(8.99965 0.135912 3.35565e-17)
(8.90083 0.0164021 -2.2615e-17)
(9.73369 -1.26451 1.83564e-18)
(10.614 -1.01765 3.62371e-18)
(8.91463 0.113169 0)
(8.65691 -1.38524 1.60895e-18)
(7.22953 0.199288 0)
(8.97644 0.130085 0)
(8.6805 -0.0239287 6.34319e-18)
(6.68306 0.212131 0)
(8.69838 0.0640122 -5.63559e-18)
(10.5568 1.46491 8.19758e-18)
(8.61356 -0.313134 3.42114e-18)
(8.11281 -1.34169 0)
(8.55222 -0.280441 8.16315e-18)
(8.68232 -0.210515 -1.20288e-17)
(8.50529 -1.38098 4.79629e-19)
(8.87877 -0.231651 -1.22843e-18)
(9.77097 -1.31928 0)
(5.0936 -0.927405 -2.12664e-18)
(8.99673 -1.41022 -9.57644e-19)
(10.4651 -0.410765 0)
(4.65908 -0.879318 -1.10726e-17)
(6.11669 -0.990963 6.83597e-18)
(6.414 -1.19869 -1.0566e-17)
(4.92757 -0.916514 0)
(11.2571 7.33805 1.35448e-17)
(9.46574 0.089384 0)
(10.2207 -0.296345 0)
(9.26606 0.040695 7.06278e-18)
(6.15656 -0.0201004 0)
(9.79864 -0.458288 6.03167e-17)
(4.39434 -0.688731 1.86102e-17)
(9.53577 -1.38222 -3.52439e-18)
(9.65302 -1.355 0)
(8.86463 -0.0766888 -2.66216e-17)
(9.2793 0.0531617 -4.75546e-17)
(9.54261 -1.37658 1.12333e-18)
(6.72828 -0.93839 5.44143e-18)
(10.2777 -0.245576 1.34742e-17)
(10.1478 -0.18215 -1.93655e-17)
(9.14099 -1.35103 2.69167e-18)
(7.9914 -1.27171 1.80807e-18)
(9.92257 -1.10946 0)
(7.11795 -0.956271 2.34261e-18)
(7.03162 -0.978878 7.63472e-19)
(7.22096 0.00676822 1.32695e-17)
(5.64794 -0.369093 4.52455e-18)
(8.63275 -0.0264044 -6.63365e-18)
(6.94338 -1.00599 6.48466e-18)
(9.87483 0.161403 -1.09039e-16)
(9.11859 0.0699464 4.4178e-17)
(7.10416 -1.22167 8.34675e-18)
(7.93916 -1.29906 0)
(7.1258 -0.987478 0)
(6.93083 -1.19271 7.85073e-19)
(9.26108 -1.34151 -3.49239e-18)
(9.06955 0.0460265 2.32424e-17)
(7.98787 -1.29198 -1.5985e-18)
(9.06556 0.0423412 -5.20918e-17)
(8.90129 -0.0802586 2.08068e-17)
(9.86866 -1.06608 -1.5499e-17)
(8.53231 -1.37208 -1.58295e-18)
(8.20783 -1.35823 0)
(9.99113 -1.28653 0)
(10.0491 -1.24501 1.94178e-18)
(9.02314 -0.0543332 -3.59052e-17)
(9.97241 -1.32724 0)
(8.55219 -1.08165 2.10941e-18)
(8.89418 -0.0417897 -1.20499e-17)
(8.86633 -0.0329743 1.30295e-17)
(7.57398 5.99292 4.59921e-18)
(10.0026 -0.895424 0)
(9.94428 -1.05318 0)
(9.81306 -1.20033 0)
(10.0663 -0.828297 0)
(9.28904 -1.33694 0)
(8.81705 0.0761237 1.9477e-18)
(10.0565 -0.757715 0)
(8.92151 0.101489 -5.31441e-18)
(8.89366 -1.19806 -2.33746e-18)
(3.28029 -0.376871 0)
(4.47255 -0.431799 -1.37982e-17)
(7.25309 -1.26128 0)
(8.98622 0.0303244 0)
(9.34169 0.025413 0)
(3.51268 -0.612916 5.66586e-18)
(9.44998 0.0295469 -2.70413e-17)
(8.95526 -0.97256 -3.62425e-18)
(8.7205 -0.815307 1.23438e-18)
(11.9797 -0.413213 2.32366e-18)
(11.7829 -0.503589 6.36011e-18)
(7.25221 -1.23317 0)
(9.8394 -1.156 0)
(9.37525 -0.930932 5.54022e-18)
(8.85525 0.0279176 0)
(8.95686 0.0271369 1.00263e-16)
(8.37007 -1.23832 0)
(7.04657 -0.971651 0)
(9.39148 -1.06182 0)
(6.09373 -1.02696 1.04164e-18)
(9.05655 -0.00395837 3.28899e-17)
(9.01706 -0.0211414 0)
(8.58957 -1.10064 -7.15432e-19)
(9.74373 -1.23231 4.74219e-18)
(9.00589 0.00354591 0)
(7.78202 -1.31709 1.88281e-18)
(12.0543 -0.823646 -5.11981e-18)
(8.4408 -1.27829 1.24569e-18)
(9.36488 -1.36757 1.76063e-18)
(8.70612 -1.11 0)
(10.6011 -1.48811 0)
(5.47525 -0.966312 -3.32439e-18)
(9.02127 0.00568716 2.35521e-17)
(6.46385 0.833059 -5.78044e-19)
(6.93839 -0.955698 6.31036e-18)
(7.73457 -0.638281 7.59021e-18)
(7.73551 -0.577998 2.56563e-18)
(7.67353 -0.515749 5.75253e-18)
(11.7688 -0.704316 4.22564e-19)
(8.68009 0.366688 0)
(4.92427 -0.891659 0)
(9.22641 0.007405 2.05899e-17)
(9.06857 0.022463 -1.93586e-17)
(9.05853 0.0152205 0)
(9.27518 -0.0439166 2.83446e-17)
(9.31217 -0.0512671 2.53108e-17)
(10.6461 -0.212066 0)
(3.52476 -0.624325 0)
(8.86897 -0.0392434 -1.87599e-18)
(8.58143 0.397202 0)
(8.89743 -0.0513694 1.44582e-17)
(10.9661 -1.41983 0)
(8.39799 -1.33011 -9.94781e-19)
(9.88478 -0.0342008 5.70529e-17)
(5.46487 -1.09323 -6.21704e-18)
(8.29361 -1.27099 -1.10488e-18)
(5.07587 -0.846317 1.77204e-18)
(9.41892 0.0529233 0)
(6.57651 4.74444 1.78089e-18)
(9.09539 -0.0264906 5.55209e-19)
(11.188 0.882976 3.3096e-17)
(11.6281 0.750395 0)
(11.1985 -1.37724 2.37742e-18)
(11.6825 0.452318 0)
(8.51013 -1.16266 3.73748e-18)
(7.82511 -1.13459 0)
(8.09 -0.525374 1.30059e-19)
(10.5556 -1.15832 0)
(9.24145 -0.346252 0)
(8.50012 -1.18871 -2.82071e-18)
(8.17045 -1.26835 5.58406e-18)
(5.35646 -0.810109 -2.86861e-18)
(10.0655 -1.38139 0)
(9.11992 -0.0515068 2.19802e-17)
(9.21655 -0.26657 2.65348e-17)
(4.77821 -0.863102 -7.57217e-18)
(8.17226 -0.47963 -5.04009e-18)
(7.47923 -1.24608 4.39197e-18)
(5.9941 -0.836968 1.05422e-17)
(7.53747 -1.20349 -4.60133e-18)
(7.0929 -0.390917 6.86107e-18)
(11.6926 -1.38165 -1.1117e-17)
(7.10569 -0.206335 -2.20838e-18)
(7.46084 -1.02726 -2.33187e-18)
(7.50585 -1.02455 1.94937e-18)
(7.4441 -0.990135 0)
(7.42748 -1.01194 3.386e-20)
(11.2596 7.32734 0)
(10.2247 4.24701 1.27233e-17)
(8.715 -1.33259 0)
(6.66915 0.034312 -5.79154e-17)
(8.68819 -1.35499 -7.03374e-18)
(8.65792 -0.253458 0)
(8.32501 -1.32261 4.14901e-20)
(8.7193 -0.270895 8.22324e-19)
(7.07494 0.0063791 -9.53523e-17)
(8.86552 -0.132666 -4.17365e-20)
(8.6015 0.0401095 1.46519e-17)
(8.64714 0.029188 -2.16932e-17)
(8.81496 -0.168301 -9.47983e-18)
(8.81829 0.405843 -2.48285e-18)
(6.54854 -0.874268 -7.84531e-19)
(8.87038 -0.63859 6.59608e-19)
(9.58427 0.020743 0)
(8.33433 -1.27078 0)
(7.68239 -0.126931 -1.45862e-18)
(8.90352 0.433956 -8.45236e-19)
(6.40658 0.0173835 0)
(4.12494 -0.553446 -4.03984e-18)
(11.3534 6.21045 -2.1075e-17)
(8.94214 0.487109 1.8801e-18)
(7.78823 -0.708881 6.78769e-18)
(8.27504 -0.485391 2.03444e-18)
(11.4009 -0.95796 0)
(7.3333 -0.163964 0)
(9.12297 -0.479458 -1.64273e-17)
(11.8631 -1.06503 0)
(6.02923 -0.538232 -3.76452e-18)
(10.5201 -0.916819 0)
(9.92541 -0.920361 0)
(9.17823 -0.376992 -2.88329e-18)
(10.022 -0.985751 0)
(9.98219 -1.10549 -3.84895e-18)
(6.40934 -0.474875 1.37711e-18)
(6.61449 -0.397372 3.90266e-18)
(10.5099 -0.73582 0)
(10.6218 -0.841877 5.50938e-18)
(9.09904 0.548567 -1.87357e-17)
(10.6243 -0.756193 0)
(9.19516 0.531582 3.86366e-17)
(9.58631 0.184599 1.03535e-17)
(8.88619 0.0917312 -1.6382e-17)
(9.17268 -0.0112137 -4.9962e-19)
(9.14163 0.287034 -4.98878e-17)
(7.01557 0.0150388 -9.64519e-17)
(8.8202 -1.44561 0)
(6.4933 0.00613784 -8.0858e-17)
(9.03996 0.46696 4.22964e-18)
(10.104 0.109482 1.60246e-17)
(9.77892 0.140776 3.03587e-17)
(9.5126 0.023424 -2.69759e-17)
(10.0681 -0.0355513 -5.72161e-17)
(9.81314 0.20122 0)
(7.08351 -0.0958802 -2.59239e-16)
(9.78323 -0.191406 5.10174e-17)
(12.3253 0.135352 7.40902e-18)
(6.58902 0.0137055 0)
(8.89374 0.113702 -4.32682e-17)
(12.4738 -0.294489 1.18538e-17)
(10.2888 -0.558247 -1.63022e-17)
(7.35726 -1.21143 -4.58303e-18)
(9.31409 0.395564 2.1596e-17)
(10.1692 6.55054 -2.84263e-18)
(9.30413 0.307108 -9.59228e-17)
(8.77902 -0.628867 -2.51059e-18)
(8.62932 -0.529416 1.18507e-17)
(7.42681 0.640806 -1.52588e-17)
(10.9214 6.69364 -8.76097e-18)
(8.58573 -0.725169 -3.65392e-18)
(6.58902 -0.224387 0)
(9.54535 0.116575 0)
(9.62384 -0.131749 -5.73738e-17)
(6.8162 0.248841 0)
(6.35122 -0.132835 1.43291e-16)
(8.89727 0.216072 -8.59365e-17)
(6.3639 0.0974346 0)
(8.92554 -0.210023 0)
(6.40047 -0.0150107 0)
(7.23312 -1.0704 1.32072e-18)
(8.92172 -1.37302 -3.65849e-18)
(9.07634 -0.0992007 -2.00881e-18)
(8.71338 -1.37001 0)
(10.2468 -1.06287 1.08491e-17)
(10.8624 -0.7171 -3.15662e-18)
(9.09401 -0.0597983 0)
(12.0249 -1.37514 4.50237e-18)
(7.28412 -1.14447 1.36529e-18)
(12.2648 -1.23979 1.1195e-18)
(4.00058 -0.592347 1.32089e-17)
(5.47646 -0.849218 8.87825e-18)
(7.35791 -1.04466 0)
(7.31313 -1.04275 -1.22108e-18)
(11.9196 -1.38015 -7.16895e-18)
(8.0614 -0.933954 0)
(8.86211 -0.0356129 3.82581e-17)
(8.89808 -0.0248112 -1.82654e-17)
(7.93649 -0.690469 7.86745e-18)
(8.86882 -0.0250975 0)
(10.3217 -1.50216 -3.5118e-18)
(9.07715 -1.45247 0)
(6.98234 -1.27394 2.06532e-19)
(7.87482 -0.647998 5.38974e-19)
(9.34187 -1.44158 1.0647e-18)
(6.09431 0.357522 -5.33508e-18)
(6.77377 -1.27538 -2.51992e-18)
(6.59109 -0.0670193 9.35478e-17)
(6.54221 4.20337 -1.34146e-18)
(6.15929 0.195523 -5.01543e-18)
(9.47454 -0.713351 1.16298e-17)
(6.43967 0.17089 5.04249e-18)
(6.72629 0.309238 0)
(9.0743 0.180955 3.28035e-17)
(12.4356 -1.09772 1.89617e-18)
(8.20154 -1.13924 0)
(4.48742 -0.697941 0)
(8.75795 0.0421004 8.0539e-18)
(8.67667 0.0489505 -6.14625e-18)
(6.50151 -0.972478 -3.4187e-18)
(6.22335 -1.03282 -7.36255e-19)
(6.76094 1.2031 3.69468e-17)
(8.41061 0.850012 -1.87801e-17)
(8.21357 -1.16939 -1.33023e-18)
(7.47552 0.480172 1.47824e-17)
(7.29161 1.9999 -3.55457e-18)
(5.20202 -0.949831 0)
(6.86232 -0.989128 -7.68971e-18)
(5.182 -0.961567 1.49998e-18)
(7.67151 2.42384 5.51032e-17)
(6.10298 -0.992381 -3.04346e-17)
(8.16203 -1.21331 1.52184e-18)
(7.55704 1.62059 2.00818e-17)
(4.25813 -0.680596 8.8991e-19)
(7.47663 0.130187 -2.60096e-17)
(9.06843 0.294325 0)
(8.57852 -1.01747 1.91126e-18)
(7.64954 0.13775 0)
(9.15344 0.257689 2.41389e-17)
(8.09879 -1.2618 -1.7102e-19)
(8.10485 -1.30047 1.44896e-18)
(7.59001 -0.679447 4.8699e-18)
(8.84147 -0.183677 2.38219e-18)
(8.12913 -1.27279 1.71813e-19)
(12.1652 -0.961845 6.12596e-18)
(9.01082 0.172271 2.55727e-17)
(9.76958 -1.03903 -2.28317e-18)
(7.93249 5.84286 0)
(5.84644 4.09798 1.69108e-18)
(8.03883 -1.30018 -1.66499e-18)
(10.7609 -1.04989 -2.63446e-18)
(7.86348 -0.580001 0)
(12.5805 -1.07245 8.29136e-20)
(10.6731 -1.0615 0)
(10.3013 -0.728877 0)
(9.67794 -1.31996 1.12091e-20)
(9.62281 -1.34703 -3.35617e-18)
(7.78436 -0.827754 -5.07172e-18)
(12.7107 -0.893561 0)
(6.35476 -1.09777 -2.54808e-18)
(7.94078 -0.524517 0)
(12.8397 -1.20305 -5.00597e-18)
(9.5841 -0.110863 -1.439e-17)
(10.2812 -1.08389 -5.71524e-18)
(12.9554 -0.863636 3.33024e-18)
(9.57123 0.638494 2.25699e-17)
(7.2355 -1.29303 5.13351e-19)
(6.82189 -1.15947 0)
(6.7839 -1.15921 -2.74943e-18)
(8.3395 -1.38731 3.98133e-18)
(8.59111 -0.787837 0)
(10.007 -0.023714 7.48809e-18)
(8.12442 -1.20051 -1.59929e-18)
(9.42196 0.47341 -1.52015e-17)
(9.42791 0.564816 -2.21132e-17)
(9.89749 -0.542469 0)
(9.08562 -1.30442 0)
(10.0116 5.72639 7.59167e-18)
(8.76668 0.130428 3.54552e-18)
(7.54692 -1.27896 -5.13827e-18)
(7.66944 -1.27059 5.53077e-18)
(8.82782 0.138257 1.55277e-18)
(4.82198 -0.816171 -3.7963e-18)
(9.1508 0.0132556 -4.41076e-17)
(9.08083 0.0109804 -1.02865e-16)
(7.48083 -1.27106 -4.53488e-18)
(9.07572 -0.00726155 7.75187e-17)
(7.58843 -0.925131 -2.7937e-18)
(9.07571 -0.0388306 -4.83331e-17)
(9.83411 0.142886 3.78641e-17)
(9.71173 0.208814 -2.81122e-18)
(9.09566 -0.00866336 7.81834e-18)
(9.09954 0.0337095 1.23528e-16)
(7.19761 -1.24738 8.33983e-19)
(8.62639 0.18468 1.89476e-17)
(10.0256 0.270244 -5.7995e-17)
(9.20242 0.107533 -6.33223e-18)
(8.70479 -0.154375 5.83035e-18)
(6.19576 -0.109414 0)
(8.80057 -0.236835 0)
(8.78304 -0.202087 -3.40681e-18)
(9.61565 -1.43081 0)
(9.80237 -1.44902 0)
(7.71101 -1.26531 -4.80521e-18)
(6.67811 -1.17871 -5.84969e-18)
(11.2761 -1.42494 6.00416e-18)
(9.14739 -0.28668 2.61969e-17)
(9.12471 -0.348798 -1.81749e-17)
(10.5642 -1.44091 -6.65408e-18)
(8.93196 -1.23446 -1.05653e-17)
(9.99138 -0.579379 -4.68605e-18)
(6.88306 -1.22579 2.8017e-18)
(8.09117 -1.22849 -6.49282e-19)
(6.98516 -0.634566 -4.37443e-18)
(7.95328 0.718762 5.4673e-17)
(7.99881 0.421223 -6.18141e-18)
(6.81345 -0.710592 3.12332e-18)
(9.32226 0.0749331 1.01789e-17)
(6.87226 -0.655892 3.58885e-18)
(6.69433 -0.299347 -4.56205e-18)
(10.0843 6.06414 2.74732e-18)
(7.62505 -1.29092 0)
(6.94638 -1.2119 3.05826e-18)
(9.46834 -0.492099 -1.10214e-17)
(6.60226 -0.218368 -1.35557e-17)
(11.3077 3.2608 1.28304e-18)
(7.81163 -1.32191 -5.49563e-19)
(8.1006 -1.34685 0)
(8.50219 -1.3433 0)
(9.60571 0.0406825 -1.98633e-17)
(5.38089 3.87932 1.44436e-19)
(9.5432 -0.555873 0)
(9.66966 -0.535344 0)
(10.5426 -1.09437 4.21871e-18)
(7.26528 1.1606 2.41472e-17)
(9.97627 -0.708132 9.78426e-18)
(10.0959 -0.515149 9.87864e-18)
(8.43158 -1.40918 0)
(10.4359 -0.959991 0)
(10.6793 -0.495812 -1.25878e-17)
(10.3663 -1.05082 0)
(7.51376 -1.26028 1.12897e-18)
(6.58975 -1.13156 -5.97195e-18)
(13.5896 0.783641 -1.1118e-17)
(9.1121 -0.534636 3.18751e-19)
(6.16729 -0.955931 1.53179e-17)
(9.07476 -0.187803 0)
(9.82955 -0.0931534 -4.48052e-17)
(9.13417 -0.242423 0)
(10.2348 -0.0748835 -1.20032e-16)
(7.07616 -0.0536884 1.34107e-16)
(8.95754 -0.112975 3.67419e-17)
(8.95788 -0.0720624 -2.20943e-17)
(10.4032 -0.0356097 0)
(4.3488 -0.693317 -1.51725e-17)
(8.84672 0.0570124 2.12627e-17)
(8.20623 -0.825292 -4.51487e-18)
(6.73449 -1.29456 0)
(8.1394 -0.791149 -2.6725e-18)
(7.21348 -1.38476 8.41427e-19)
(7.38403 -1.11494 0)
(7.37471 -1.08347 2.70884e-18)
(7.4271 -1.07754 -2.47398e-18)
(8.94742 2.29085 3.94753e-18)
(9.56784 2.7871 9.77954e-18)
(8.89217 -0.0811864 -4.57491e-17)
(9.03482 0.0922788 -4.9799e-17)
(8.50729 -0.91426 -5.48091e-18)
(8.01795 -1.18672 -5.85138e-19)
(8.34363 -0.387112 3.02583e-17)
(8.26772 -0.325469 0)
(10.1343 -0.411012 0)
(8.52427 -0.202233 -4.43442e-18)
(8.04908 -1.18964 1.15931e-18)
(8.49084 -0.126435 0)
(8.39625 -0.183555 0)
(8.44492 -0.100617 2.77478e-18)
(7.44548 -1.18355 -5.19554e-18)
(8.99214 0.108359 0)
(6.64051 -1.16677 7.57347e-18)
(9.01504 0.0880278 7.62716e-19)
(9.14857 1.78121 -4.32387e-18)
(7.8717 -1.32468 6.94567e-18)
(6.69891 -1.33207 -2.89446e-18)
(8.3678 -0.904447 0)
(8.51815 0.111728 -2.1793e-17)
(8.14047 -1.35519 0)
(9.41568 0.19237 -1.22253e-17)
(10.4312 -1.30658 1.52675e-18)
(9.29798 3.5871 -8.95435e-18)
(8.43879 -0.950267 0)
(9.07289 -0.158502 5.79222e-17)
(4.37837 -0.734082 0)
(9.82927 0.819581 9.04272e-18)
(8.30904 -1.00119 0)
(9.0299 0.0779603 0)
(8.04478 -1.36901 0)
(9.73813 -0.229575 9.26514e-18)
(8.12958 -1.30212 0)
(7.90443 -1.37555 0)
(9.1486 -0.0248939 -5.56541e-19)
(8.11084 -1.07004 -2.84923e-18)
(9.06329 0.0599195 -3.17753e-17)
(8.30847 -1.11298 -2.35112e-18)
(9.85572 -0.195547 0)
(5.39623 -1.32417 -1.23541e-18)
(8.18369 -1.07807 1.5869e-18)
(9.23371 0.248029 4.84612e-17)
(9.29367 -0.542695 2.55296e-17)
(7.24647 -1.25022 2.07103e-18)
(9.18654 0.0449906 0)
(8.1377 -1.33327 -5.43663e-18)
(8.34387 -0.477887 -8.80172e-18)
(8.5814 -0.0788281 2.26863e-17)
(8.12854 -1.33941 6.93925e-19)
(7.87342 -1.53383 1.55899e-18)
(7.27554 -0.907313 0)
(7.25962 -0.934823 0)
(6.15513 1.37034 -4.80403e-18)
(11.1019 2.51178 -3.81054e-17)
(11.5456 1.97526 3.51659e-17)
(8.82065 -1.3698 0)
(4.74093 0.542871 -2.27115e-17)
(11.9572 1.66673 -6.01664e-18)
(8.89948 -0.0284279 1.82409e-17)
(10.5075 -1.35056 6.81207e-18)
(9.62095 0.179846 -6.94885e-18)
(8.82601 -0.0470269 7.97202e-18)
(6.09952 5.20012 -4.01666e-19)
(8.91108 -0.0206758 -5.44046e-17)
(8.24027 -1.32215 -5.17392e-18)
(5.83371 -0.930178 0)
(9.32298 -1.38853 0)
(11.3701 -1.35112 -8.65556e-19)
(6.4433 -0.828365 1.2566e-17)
(6.43344 -0.902679 -1.28698e-17)
(15.4152 0.976087 0)
(10.4695 -1.33944 -5.26717e-19)
(7.94556 -1.35354 0)
(8.55755 -1.39256 0)
(10.0114 -1.46213 -6.60444e-18)
(9.25376 -1.44342 0)
(9.00825 -0.117941 2.84558e-17)
(10.4011 -1.46538 2.6757e-18)
(10.2001 -1.47298 0)
(9.045 0.403205 0)
(7.50891 0.964327 -2.01323e-17)
(8.99454 0.0361258 -2.85676e-17)
(9.09323 0.382936 0)
(8.84316 -0.127099 1.04895e-18)
(8.81045 -0.150469 -3.16676e-18)
(7.83774 -1.25685 1.0543e-19)
(9.61928 -0.0182672 -7.8399e-17)
(8.10704 1.17621 6.31347e-18)
(10.1048 0.0502692 0)
(9.42168 -0.0392059 0)
(7.80485 -0.540467 -1.92907e-18)
(8.84768 -1.40811 3.55609e-18)
(6.92719 -0.375704 -9.43956e-19)
(7.30756 1.09635 -1.16845e-17)
(3.84681 -0.716888 0)
(8.05604 -1.27596 0)
(10.2576 2.53799 4.62374e-18)
(8.03178 -1.25701 1.37801e-18)
(8.85819 -0.0888907 4.40756e-17)
(8.00415 -1.27913 4.31209e-19)
(9.00306 0.0299791 -4.31348e-18)
(8.08405 -0.879635 2.11377e-18)
(10.4212 -0.815344 5.39191e-18)
(10.333 -0.818897 -6.25508e-18)
(8.89439 0.0945735 -4.12091e-17)
(8.99035 0.144502 -8.52738e-18)
(11.3234 -0.522858 2.55946e-19)
(11.3001 -0.686015 0)
(10.139 -1.44673 0)
(9.54767 -1.29952 -7.11233e-18)
(7.70919 -1.56076 8.69128e-18)
(8.97142 0.00956382 0)
(8.50782 -0.0754312 2.25787e-17)
(9.95301 -1.24205 -5.33523e-18)
(6.53078 -0.954049 -6.5134e-18)
(8.53426 -0.0993448 -2.14277e-17)
(9.52225 -0.0486666 -5.68088e-17)
(8.93189 -0.0676777 7.0577e-17)
(3.50113 -0.633898 0)
(6.34614 -1.10225 7.46617e-18)
(15.6384 2.36898 0)
(9.37619 -0.0412446 0)
(15.9751 1.57814 -8.61384e-18)
(15.483 -0.722139 1.74581e-17)
(9.43437 0.00783068 -2.19005e-17)
(9.70618 -0.0611129 6.5427e-17)
(9.60734 -0.00507069 3.24357e-17)
(9.65079 -0.0398984 -1.84065e-17)
(9.52847 -1.48332 3.19824e-18)
(8.96742 -1.46066 -1.68904e-18)
(9.90347 -1.25163 2.69805e-18)
(8.14115 -1.09819 -1.00295e-18)
(8.13088 -1.12213 2.29084e-18)
(8.84872 -0.11464 2.07382e-17)
(8.9893 -0.102009 0)
(12.5754 3.82799 0)
(8.84985 -0.0986627 0)
(6.81223 -1.54794 -4.95413e-19)
(7.49968 1.29207 -8.61953e-18)
(9.64013 0.14603 -3.39813e-17)
(9.23469 -1.432 0)
(9.89597 -1.22939 0)
(10.2122 -1.15325 6.72752e-18)
(8.68625 -0.0557404 -1.07613e-17)
(8.83604 -0.0454523 1.72035e-18)
(9.00021 0.0355503 4.89545e-18)
(7.56585 -1.34163 0)
(8.93008 0.108501 -4.09977e-17)
(8.86363 -0.0111781 -4.04384e-18)
(5.20963 -0.874212 0)
(12.7732 5.65021 1.7712e-17)
(10.0127 -1.19512 0)
(8.7309 -1.40617 0)
(6.92629 -1.19602 -6.77402e-18)
(9.59514 -1.46131 0)
(6.58111 -1.10313 1.46148e-18)
(8.95124 0.127592 0)
(8.02963 -0.896456 2.73375e-18)
(8.0838 -0.836947 4.11624e-18)
(4.9164 -0.0588257 2.53975e-17)
(8.87634 -1.3629 -1.91989e-18)
(8.98942 -1.18745 0)
(8.33341 -1.51796 -1.02686e-17)
(14.2491 6.90397 0)
(7.64935 -1.21506 0)
(7.70726 -1.19996 -1.44418e-18)
(8.51112 -1.37197 0)
(7.7266 -1.14395 2.89083e-20)
(8.22138 -1.10979 -2.58931e-18)
(8.45323 -1.38482 -2.3982e-18)
(6.60922 -1.91675 2.15619e-18)
(8.58011 -1.39976 5.77378e-18)
(9.83285 -1.43455 0)
(9.80689 0.245527 3.02245e-17)
(9.90118 -0.00260078 2.82649e-17)
(9.22915 0.00824535 0)
(10.067 0.0578841 1.40868e-16)
(7.05289 -1.28262 -3.35132e-18)
(7.2971 -1.29004 0)
(7.06748 -1.02395 1.47323e-18)
(9.01877 -0.0489915 0)
(9.81337 -1.41405 5.74895e-18)
(8.1274 -0.9275 -2.75779e-18)
(3.01419 2.00918 -1.11617e-18)
(10.0367 -0.0245376 -1.53542e-16)
(8.97007 0.153897 0)
(8.9621 0.156291 0)
(7.70845 -0.421973 -9.34325e-18)
(7.66241 -0.347589 1.95469e-18)
(14.1867 -0.406216 -7.13684e-18)
(9.64272 0.234625 -3.78579e-17)
(10.0047 0.447847 4.45491e-17)
(10.3165 0.41321 5.62655e-17)
(8.17443 -1.03958 1.38921e-18)
(8.85081 -0.00627434 -3.85479e-17)
(6.25267 -1.79268 3.31391e-18)
(8.19821 -1.35759 0)
(5.15093 -2.78078 0)
(7.25929 0.626623 -3.72307e-18)
(7.7315 0.864703 -1.66633e-18)
(8.788 0.0392229 1.16665e-17)
(10.1024 0.0256172 -2.812e-17)
(7.55528 0.822466 1.42268e-17)
(5.29581 -1.61768 3.65486e-18)
(8.94048 0.0674574 -4.93699e-17)
(8.9372 1.39707 -1.07879e-17)
(8.53238 -1.23405 1.07858e-18)
(7.72794 -0.402768 2.37843e-19)
(8.21715 -1.31375 0)
(6.25363 -0.997679 0)
(7.34767 -1.27075 0)
(4.85551 -0.799658 0)
(9.19591 -0.0206544 4.73454e-17)
(7.67249 -1.11779 -1.48503e-18)
(7.71227 -1.11586 0)
(9.1065 -0.0337692 -2.00605e-17)
(9.16405 -0.0613553 -1.22045e-17)
(8.93489 0.204732 -2.72699e-18)
(7.35059 -0.887224 4.56302e-18)
(9.92223 -1.17186 4.31645e-18)
(9.85193 -1.1998 -3.34515e-19)
(9.57456 0.84556 4.99108e-18)
(8.92965 0.166739 1.32187e-19)
(10.3888 0.28054 -1.1842e-17)
(8.85998 -0.032095 2.89022e-17)
(8.85511 -0.0292654 0)
(8.18574 -0.946337 1.82405e-18)
(7.78368 -1.26717 3.47904e-18)
(7.77333 -1.2125 -3.74164e-18)
(9.48089 -0.023664 -1.97464e-18)
(8.21061 -1.00585 -2.28649e-18)
(8.43715 -1.3524 -3.18628e-20)
(8.33786 -1.45728 0)
(9.42063 0.0543945 0)
(7.07815 -0.903403 -2.35178e-18)
(8.95776 0.0981988 1.35829e-17)
(7.15532 -0.847241 -4.02513e-18)
(7.04888 -0.883673 -2.22683e-18)
(5.38594 -0.986498 0)
(7.08085 -0.861658 5.8347e-18)
(8.88653 -0.0412062 0)
(8.86499 -0.0284412 1.30936e-17)
(9.40652 0.259064 -1.44529e-17)
(10.3232 0.503496 4.67726e-17)
(9.40619 0.898531 -2.24734e-17)
(8.85839 -0.0815203 -4.95283e-17)
(8.85708 -0.0523695 -1.71023e-17)
(5.77315 1.10599 2.02224e-17)
(8.84886 -0.0779519 -1.46895e-18)
(8.85392 -0.0660114 1.7099e-17)
(9.37647 1.11908 1.27145e-17)
(5.37763 1.39731 -8.35318e-19)
(7.50111 -0.874846 -9.03713e-19)
(7.53664 -0.828494 -7.29126e-19)
(9.30958 -1.35822 0)
(9.06403 5.7994 0)
(6.95055 4.0465 1.3718e-18)
(5.80499 -1.1091 1.40737e-18)
(9.77996 -0.630871 3.64683e-18)
(3.89952 -0.681556 3.61519e-18)
(10.0692 -1.47483 0)
(8.44214 -0.31822 -1.23321e-17)
(8.9249 0.306379 -4.16209e-18)
(9.77079 -1.41909 0)
(9.30866 -1.36315 8.68795e-19)
(8.06333 -1.12663 1.09268e-18)
(8.02357 -1.14064 -2.50515e-18)
(8.04255 -1.06612 -3.16058e-18)
(8.07657 -1.08221 2.85111e-18)
(7.99826 -0.670769 -1.35237e-17)
(5.99112 -0.436884 8.69833e-18)
(6.94904 -0.853836 0)
(7.98404 -0.801496 2.24738e-18)
(8.0431 -0.715911 3.20268e-18)
(10.313 -0.0229804 8.01545e-17)
(8.7756 0.017171 9.47674e-18)
(8.71044 -0.00261372 0)
(6.66299 -0.815873 9.7548e-19)
(5.35651 -0.900665 3.30147e-18)
(3.74051 -0.747745 3.15404e-18)
(8.35407 -1.0523 1.34718e-18)
(14.385 -0.437894 2.02235e-17)
(7.39262 -0.641148 0)
(4.23719 -0.746436 -1.97085e-18)
(11.272 -1.43013 -7.24378e-18)
(10.653 -1.46546 3.5148e-18)
(8.03078 -0.788011 -2.2182e-18)
(3.78754 -0.462624 -1.42326e-18)
(8.91925 -0.328371 1.36658e-17)
(10.2737 -0.0594992 -8.64932e-17)
(9.69037 -0.352084 3.87422e-17)
(9.06258 0.217353 -8.77111e-19)
(6.86052 -0.748407 3.10115e-18)
(3.90156 -0.51236 -1.31373e-18)
(6.92884 -0.984684 1.59989e-19)
(9.9437 -0.0159055 1.21443e-17)
(9.97358 -0.0279041 -1.22325e-17)
(6.00915 0.0645314 -8.92878e-19)
(7.43827 -0.0266951 1.36059e-19)
(6.95694 -0.733599 -2.62688e-18)
(6.77806 -0.808662 0)
(8.10849 -1.4252 -5.41659e-18)
(7.39753 -1.1571 3.49108e-18)
(8.14474 -0.224527 -2.8134e-18)
(6.69746 -1.16737 -6.2396e-20)
(6.3912 -1.12765 -2.25767e-18)
(7.48651 -1.26733 2.97688e-18)
(7.16817 -1.24712 2.04444e-18)
(7.25913 -0.846275 3.4228e-18)
(7.22949 -0.825612 1.75908e-18)
(8.79531 -1.28645 1.89733e-18)
(7.7184 -1.31003 0)
(6.47195 -1.03263 0)
(9.73696 -0.41017 6.94979e-18)
(9.23619 -1.44821 -1.10018e-17)
(8.4896 0.171563 -2.30088e-18)
(8.15134 -1.14798 0)
(7.13022 -1.51131 2.55148e-18)
(10.8924 -1.25835 0)
(9.44225 -0.0179954 7.2962e-17)
(8.37887 -0.993459 0)
(8.22817 -0.899946 -2.70872e-18)
(6.77774 -1.48831 -1.05317e-17)
(7.45066 -0.665443 3.50436e-18)
(9.16521 0.35491 0)
(4.44889 -0.853152 -9.95314e-18)
(10.2519 0.250666 1.11265e-16)
(10.3227 0.140048 -1.01612e-16)
(5.9611 -1.04637 -2.55133e-18)
(6.03243 -0.587474 -5.77368e-18)
(9.07333 0.0592519 5.51642e-17)
(8.80651 0.0617198 -7.75796e-18)
(8.86366 0.0194915 7.43226e-18)
(8.79803 0.0230772 1.75958e-18)
(8.74801 0.0684569 -1.81167e-18)
(7.89861 -1.29573 -1.59307e-18)
(8.5272 0.0243993 -8.19677e-18)
(9.42058 -0.02607 -1.2124e-17)
(6.46448 0.0162952 1.51579e-17)
(8.54603 -0.0108538 1.10784e-17)
(6.81331 -1.17824 1.47671e-17)
(5.39545 -0.995142 3.82334e-20)
(8.54661 -0.0645862 -1.33745e-17)
(9.87132 -0.412599 -1.17209e-17)
(9.08691 0.0361544 0)
(9.07182 0.0330446 5.73038e-17)
(10.5 -0.0687072 0)
(10.3216 -0.169575 0)
(7.29599 -1.24715 -1.57022e-18)
(7.14861 -1.21549 2.92535e-18)
(5.50614 -1.40045 0)
(9.97159 -1.47366 2.36216e-18)
(6.41764 -1.1125 0)
(6.31787 -1.09747 3.56693e-18)
(5.11204 -0.60778 -1.21719e-17)
(4.53252 -0.775158 -1.69745e-17)
(8.86832 0.0390321 -2.14361e-17)
(8.92977 0.0395942 1.454e-17)
(7.01077 -0.947565 -7.79685e-19)
(10.1454 -1.42354 3.99178e-18)
(7.37708 -0.848333 -5.39612e-18)
(3.79731 -0.647729 2.10048e-19)
(5.03537 -0.651111 8.89528e-18)
(5.80358 -0.556505 0)
(13.2728 2.89642 -2.57652e-17)
(3.27159 -0.57738 0)
(8.84085 -0.434315 9.73562e-18)
(8.33906 -0.377676 5.98635e-18)
(6.30378 -0.826309 -7.38953e-18)
(7.03656 -1.2106 0)
(7.15707 -1.2187 2.39282e-18)
(7.13014 0.291366 2.15601e-17)
(6.42143 -0.583647 -1.34466e-17)
(7.30737 -0.0900688 -1.31866e-17)
(8.00886 -0.583661 5.17826e-18)
(8.41044 -1.08255 4.95836e-18)
(7.52813 -1.27478 0)
(8.12457 -1.35294 0)
(8.04031 -1.33584 0)
(10.3659 -1.09675 -2.99376e-18)
(6.76197 -1.19256 1.78476e-18)
(6.29822 -1.07086 0)
(5.53273 -1.13479 -1.1583e-18)
(10.2992 -0.986605 0)
(9.30485 0.141341 1.06394e-16)
(8.67558 -0.757338 0)
(10.3551 -0.00331551 9.24522e-17)
(7.65494 -1.29591 -3.78819e-18)
(14.3491 -1.18638 6.33114e-18)
(8.64167 -0.517707 -1.79533e-18)
(8.79122 -0.594988 1.98586e-18)
(6.56478 -1.07889 -5.59761e-21)
(9.25968 0.764808 0)
(7.24572 -1.20523 -1.79531e-18)
(9.29246 0.6256 -5.32495e-18)
(8.39022 0.55574 0)
(7.83887 -1.21137 6.01555e-19)
(7.40472 -1.24736 4.73765e-18)
(10.6798 -1.40811 1.44342e-19)
(6.98474 0.145375 -1.02585e-17)
(8.29018 0.484686 5.15812e-18)
(5.15521 -0.306236 3.03441e-17)
(5.50755 -0.291024 -2.20385e-17)
(9.26973 0.086021 -6.31254e-17)
(9.18483 0.0583437 0)
(8.15257 0.391383 0)
(7.14734 -1.22623 -4.0936e-18)
(10.687 0.320689 0)
(6.6405 -1.13514 0)
(7.97712 -1.3208 3.73586e-18)
(9.51577 -1.43005 0)
(10.0028 -0.0449569 1.21396e-20)
(9.59243 0.00353067 -3.38218e-17)
(4.28024 -0.673972 1.97443e-18)
(7.99606 -1.2266 7.1537e-19)
(9.53334 -1.43312 -4.75828e-18)
(6.71091 0.451483 0)
(8.00184 -1.16547 0)
(6.11458 -1.03845 9.32987e-19)
(9.37612 -1.43847 3.13555e-18)
(8.23391 -0.253256 1.33418e-17)
(8.32209 -1.36766 -3.69413e-18)
(8.30928 -0.155024 -1.10258e-17)
(8.0122 -1.31605 1.83316e-18)
(6.30902 0.521275 4.77627e-18)
(7.91204 -1.24728 2.74208e-18)
(9.4229 -1.34658 -1.84206e-18)
(7.30906 -1.15991 -4.22603e-18)
(9.13353 0.128036 3.26561e-17)
(7.93123 -0.865612 2.96112e-18)
(9.14792 -0.0366637 3.41605e-17)
(9.1255 0.0876065 -5.05875e-17)
(9.02739 -0.0289814 -4.96512e-17)
(6.14377 -1.08299 -4.8203e-19)
(9.31971 -1.38697 5.9535e-18)
(7.96831 -1.23545 -1.41667e-18)
(10.5451 -0.518012 1.1304e-17)
(7.93146 -1.20435 -1.51043e-18)
(7.95812 -1.17466 0)
(10.7516 0.51286 0)
(11.0628 0.594486 -1.25063e-17)
(8.18479 -1.30003 0)
(7.81659 -1.32583 -2.44062e-18)
(8.36975 -1.35487 0)
(9.37771 -1.34464 3.62113e-18)
(6.43225 -1.06033 9.04549e-19)
(7.36283 0.279153 1.67246e-17)
(5.62847 -1.02243 0)
(4.27199 -0.72657 0)
(8.5027 -1.4123 0)
(8.08115 -1.4608 -6.08888e-19)
(9.03595 0.285631 4.38213e-18)
(9.03128 0.239038 -3.50098e-17)
(8.92891 0.111346 0)
(9.06958 0.139683 -3.77398e-17)
(8.92258 0.12215 -1.34085e-17)
(7.97213 -1.34925 -7.05866e-19)
(7.54069 -1.28045 5.77171e-18)
(8.1915 -1.33877 1.35919e-18)
(6.677 -1.16988 2.74921e-18)
(9.59659 -0.0678797 6.99766e-17)
(6.8479 -1.14941 -4.17594e-18)
(9.85169 -0.0322215 0)
(6.61855 -1.1266 -1.3227e-18)
(5.56793 -0.481079 -9.6264e-18)
(3.89634 -0.662026 -3.47744e-18)
(5.80019 -0.539696 9.63378e-18)
(6.79871 -1.21063 -3.31156e-18)
(3.69104 -0.608937 0)
(6.98333 -1.20269 0)
(5.96841 -0.920181 -1.14285e-17)
(4.6527 -0.479408 1.37698e-17)
(7.38067 -1.25595 1.06522e-17)
(8.69175 -0.473975 6.62353e-18)
(8.14453 -0.642201 -7.53856e-18)
(8.10616 -0.718523 -3.51737e-18)
(7.30297 -0.453266 -4.68892e-18)
(7.24978 -0.415188 -3.67764e-18)
(8.17883 0.00413068 -3.1168e-17)
(8.1395 0.120758 -7.79619e-18)
(11.1687 -1.41194 -3.19819e-18)
(7.40677 -1.28598 -3.59413e-19)
(11.3812 -1.33755 0)
(7.16519 -0.459534 -5.11212e-18)
(9.01788 0.0803922 0)
(8.75006 -0.431091 -1.47423e-17)
(11.4419 -1.36405 6.09556e-18)
(3.54813 -0.663483 5.1787e-18)
(8.78753 -1.40888 -2.50123e-18)
(9.26426 0.0677923 -1.01828e-17)
(7.87187 -1.28954 4.69224e-19)
(7.72773 -1.26195 0)
(8.75553 -0.602984 8.33284e-18)
(8.86712 0.215729 0)
(6.13604 -1.0079 -1.42337e-18)
(3.88893 -0.654868 7.41838e-18)
(5.9925 -1.04091 7.96533e-19)
(10.4665 0.719907 -1.92551e-17)
(4.83646 -0.841852 0)
(8.93792 -0.0441171 -3.21057e-17)
(8.93376 0.354791 -6.49779e-19)
(9.68687 -1.15689 0)
(9.0143 -0.0550365 4.41582e-18)
(9.07542 -0.0534943 -2.30385e-17)
(5.71052 -1.0118 3.54605e-18)
(3.11459 -0.611455 4.3958e-18)
(9.68175 -1.09287 -7.82137e-18)
(8.11813 -1.17432 2.47044e-18)
(7.50399 -0.506048 -3.41375e-18)
(11.6317 -0.765866 -3.93697e-18)
(7.1212 -1.22018 2.75846e-18)
(8.58763 2.24162 -1.10406e-17)
(9.03976 0.0096954 2.67467e-17)
(4.96387 -0.899375 1.77629e-18)
(7.84308 3.04868 -5.85203e-19)
(10.1187 -1.16285 1.72475e-18)
(10.1804 1.86009 -8.22129e-18)
(10.1453 -1.17639 2.5021e-18)
(9.52798 -1.41368 0)
(7.44096 -1.2491 -1.83721e-18)
(8.42226 -1.24475 0)
(11.658 -1.39713 6.62878e-18)
(10.3596 -1.42539 4.55624e-18)
(11.0461 -1.48167 1.38493e-18)
(8.4151 -1.14313 2.33718e-18)
(7.51455 -0.798227 1.43474e-18)
(7.51957 -0.756216 0)
(9.08864 0.256119 8.2654e-18)
(7.45865 -0.807009 0)
(9.87263 -0.873562 0)
(10.3478 -1.32799 0)
(8.77435 0.182286 -1.1138e-17)
(7.85461 -1.1067 0)
(8.96884 -1.40226 7.67465e-19)
(7.811 -1.11123 -2.24236e-20)
(7.78747 -1.16106 3.82333e-20)
(9.31392 0.0120561 0)
(9.48896 -1.44691 0)
(7.75568 -1.19426 -4.73486e-19)
(6.81271 -0.469721 5.02078e-18)
(6.88872 -0.110421 -1.81169e-18)
(9.02254 0.00398301 -5.13692e-18)
(7.77703 -1.14076 8.57125e-20)
(10.2657 -0.377179 -1.35764e-17)
(9.80888 -1.36572 -6.44588e-18)
(8.40363 -0.536777 4.38597e-18)
(8.88872 -1.37832 0)
(8.87377 0.0237197 2.27252e-17)
(8.88081 0.0246372 2.7299e-17)
(8.95743 0.0269089 1.55382e-17)
(8.76637 -0.285984 -7.62621e-20)
(7.73376 -1.29264 2.16829e-18)
(8.45412 -1.18637 0)
(8.48458 -0.531753 0)
(10.7859 -1.12892 -1.27641e-19)
(7.50353 -1.25912 1.866e-18)
(10.7456 -1.1831 3.91736e-18)
(7.7103 -0.965259 2.7126e-18)
(3.72036 -0.599836 0)
(7.79581 -0.923686 2.61059e-19)
(6.91041 -0.820936 0)
(7.79232 -0.821156 -1.62817e-18)
(10.4211 -1.44396 -4.18063e-18)
(7.7646 -0.770157 -3.90643e-18)
(7.75542 -0.858072 1.09769e-18)
(9.59235 -0.00206805 0)
(9.50393 -1.41257 0)
(8.58355 -0.737296 3.27762e-18)
(7.89008 -0.9962 0)
(7.07106 -1.16818 0)
(10.0723 -1.04922 -6.46671e-18)
(8.85402 -0.101988 9.93235e-18)
(8.78436 -1.38256 0)
(7.88419 -1.06912 2.47817e-18)
(8.70046 -1.373 1.39854e-18)
(7.56356 -0.724759 0)
(9.04179 -1.37989 0)
(7.86787 -1.0381 6.62907e-20)
(8.2561 -1.33461 0)
(6.21433 -1.14612 1.66259e-18)
(7.03399 -0.557604 0)
(9.00962 -1.37597 0)
(7.84712 -1.30308 1.2718e-19)
(6.97804 -0.508699 -2.06382e-18)
(7.66743 -0.853714 0)
(7.95274 -1.14906 0)
(7.61625 -0.825458 0)
(7.14043 0.453911 -1.10232e-17)
(9.23005 -0.114352 0)
(8.56 -1.37612 -1.63908e-18)
(5.71484 -1.03529 0)
(6.0129 -1.06576 -3.43255e-18)
(9.57418 0.0160392 0)
(8.30924 -1.34181 -2.40179e-18)
(9.0776 -1.35936 -9.07835e-19)
(8.19006 -1.2642 0)
(8.22783 -0.665178 0)
(9.31315 -0.116639 0)
(9.12852 -1.42274 -1.4138e-18)
(6.06183 -0.0669578 -4.17922e-18)
(7.95304 -1.33161 -1.87172e-18)
(7.16801 -1.20986 0)
(8.86071 -0.0777789 1.72157e-17)
(8.80636 -0.0118889 3.23696e-17)
(8.96912 0.15325 0)
(8.80784 -0.0725563 -1.7229e-17)
(7.8242 -1.15934 1.67779e-18)
(7.12211 -1.22707 0)
(7.86115 -1.13586 8.95885e-20)
(9.07833 -1.50736 -4.4721e-18)
(9.25303 -0.230374 4.83293e-18)
(5.23356 0.897529 7.09857e-18)
(8.89009 -0.0332455 -4.67269e-18)
(9.00905 0.215487 2.17751e-17)
(7.58222 -1.1037 -4.34328e-20)
(9.00861 0.149736 0)
(7.23417 -1.26114 -2.83624e-18)
(9.1598 -0.241539 -2.65431e-17)
(8.05624 -1.22016 6.35783e-19)
(7.67169 -0.89652 0)
(10.1594 -1.37165 3.3072e-18)
(4.11738 -0.675469 -1.87535e-17)
(4.14639 2.05312 0)
(7.75473 -1.08494 -1.76347e-18)
(7.5687 -1.2637 0)
(7.82772 -1.04779 -2.45636e-18)
(9.01404 0.174126 0)
(5.67367 1.75063 -2.34744e-17)
(8.44634 -1.38396 2.80446e-18)
(3.05331 2.34707 6.96049e-18)
(7.79931 -1.08174 1.68532e-18)
(8.96313 -0.197539 0)
(5.79591 -1.10185 0)
(6.97194 0.535748 -6.93075e-18)
(6.91991 0.773586 7.85243e-19)
(9.27377 -1.38915 -3.08921e-18)
(7.55535 -0.357965 0)
(7.72826 -1.23017 -1.82875e-18)
(8.68636 -1.40718 0)
(11.2718 -1.39452 -6.28501e-18)
(6.70511 -1.16062 7.83694e-19)
(7.67051 -0.988219 0)
(7.58985 -1.0374 9.59011e-19)
(9.79077 0.0134683 1.5657e-17)
(9.57833 -1.24765 2.04481e-20)
(7.0259 -0.679145 0)
(6.21533 1.86901 3.90883e-18)
(5.63985 2.26307 -2.11803e-17)
(6.63399 -1.13625 0)
(6.27036 -0.0780965 1.69218e-19)
(7.98723 -1.30967 0)
(6.93576 -1.18865 -8.97852e-19)
(5.20261 -0.908175 0)
(6.67535 0.0157307 0)
(10.5058 -1.38232 1.06531e-18)
(7.40058 -1.27646 -2.09211e-18)
(8.94446 -0.0694825 2.15841e-17)
(8.91213 -0.0673938 -6.79742e-18)
(10.1352 -1.45135 -3.73966e-18)
(6.99564 -1.22444 0)
(8.22881 -1.38312 -1.43674e-18)
(10.2555 -1.42866 3.62775e-18)
(10.03 -0.031396 -8.50753e-18)
(10.0685 -1.4132 -6.11616e-18)
(8.16455 -1.24735 0)
(10.5506 -1.38665 3.40106e-18)
(3.44482 -0.682502 0)
(8.75494 0.43827 -3.17864e-18)
(3.90871 -0.73853 8.36311e-18)
(8.91446 -0.3854 -2.20219e-18)
(7.70509 -1.3286 0)
(8.21683 0.219578 0)
(12.6749 -1.30425 7.30438e-19)
(7.33288 -1.13687 -1.3849e-18)
(6.179 -1.0515 0)
(3.59964 -0.639762 0)
(8.76043 -0.324275 -5.14553e-18)
(8.85586 -0.337865 3.33009e-18)
(7.63012 -0.929261 4.68872e-20)
(6.16877 -1.0869 0)
(9.51554 -1.54914 0)
(8.16137 -1.35597 0)
(3.92153 -0.68488 1.53917e-18)
(6.72378 -1.17811 -4.27335e-18)
(6.03687 -1.02761 0)
(5.68561 -0.98872 -3.12791e-18)
(7.27357 -1.26077 3.09136e-18)
(14.7781 2.66311 -2.129e-17)
(6.71531 -1.14558 -3.84705e-18)
(7.03772 -1.22899 -3.36255e-18)
(8.86981 -0.0635305 4.16345e-17)
(8.88109 -0.0538908 -3.15249e-17)
(3.30096 -0.57338 -4.02648e-18)
(8.8589 -0.0393473 -3.41552e-17)
(9.158 -0.0958861 0)
(8.96293 -0.001048 -1.30324e-17)
(7.02917 -0.847334 0)
(5.84275 -1.14572 3.07324e-18)
(7.91522 -1.334 1.9352e-18)
(7.09038 -0.798009 2.44787e-18)
(8.8952 -1.35331 2.25333e-18)
(8.94572 -0.0810366 1.30608e-17)
(9.7879 -1.34725 -7.14968e-18)
(9.22636 -0.0318862 0)
(9.48888 -1.28777 -3.66005e-18)
(7.54487 -1.06349 -5.3124e-18)
(7.17095 -1.04269 -4.23655e-18)
(5.18841 -0.971859 0)
(7.43885 -0.837922 3.06417e-18)
(7.3424 -0.687258 -6.52563e-18)
(7.12141 -0.663667 3.84797e-18)
(11.5172 -1.13219 -1.02696e-17)
(11.4125 -1.21024 0)
(11.315 -1.18216 -5.75274e-18)
(7.20789 -1.23447 -1.88849e-19)
(3.91951 -0.652517 0)
(7.73411 -1.03223 -2.59595e-18)
(9.86391 -1.01718 1.22727e-17)
(7.82 -0.98621 2.25791e-18)
(9.30579 -1.40983 0)
(10.6701 -1.33308 3.63864e-18)
(7.50993 -1.26969 1.78505e-18)
(12.6353 0.473331 2.49695e-17)
(9.0246 0.101429 -2.97093e-17)
(3.5951 -0.645792 1.09039e-17)
(5.12756 -0.859448 0)
(6.05663 -1.04882 2.75537e-18)
(9.04424 0.0686106 -1.88786e-17)
(8.2952 -1.34617 0)
(7.50771 -1.05518 2.24771e-18)
(3.23563 -0.495405 8.31086e-19)
(8.261 -1.31026 -1.6816e-18)
(5.14345 -0.897306 0)
(7.1846 -0.59148 -1.52416e-18)
(5.01851 -0.920381 4.75251e-19)
(9.47199 -1.37075 -1.99571e-18)
(9.39745 -1.3726 -3.6922e-18)
(10.2066 -0.753421 4.90756e-18)
(9.10461 -1.41587 1.50751e-18)
(6.32462 -1.00327 -1.51337e-17)
(3.38615 -0.640427 1.85483e-18)
(6.69685 -0.474715 -4.88342e-18)
(7.83282 -1.29781 0)
(10.3908 -0.195703 -1.00291e-17)
(7.2186 -0.758291 -2.12308e-18)
(7.66918 -1.0799 1.97535e-18)
(7.69135 -1.05322 1.57257e-18)
(6.51347 -1.10661 0)
(6.6068 2.77579 -1.41507e-17)
(7.62211 -1.08603 0)
(6.13446 0.611569 -6.7818e-18)
(8.93452 -0.73246 3.83283e-18)
(3.54476 -0.626034 3.07264e-18)
(8.03937 -1.39419 4.85188e-19)
(9.65139 -1.38233 2.48904e-18)
(5.36598 -0.940836 -7.22448e-18)
(6.30957 -1.05006 0)
(6.84071 0.169711 0)
(8.51284 -0.544992 -2.76763e-18)
(5.31499 -0.874437 -1.43923e-17)
(12.0367 -1.08541 0)
(8.58103 -1.38421 4.07142e-18)
(8.6907 0.1954 -1.73444e-18)
(8.72507 -1.43971 2.50311e-18)
(8.88252 -1.43998 -3.25522e-18)
(6.85906 -0.533819 -2.50217e-18)
(10.4751 -1.46629 -2.72377e-18)
(6.89481 -0.978303 2.41909e-18)
(8.15743 -1.3437 0)
(7.01169 -0.418098 4.02813e-18)
(7.63908 -1.14933 7.6972e-18)
(12.0207 0.454933 5.09311e-18)
(7.77513 -1.31736 -2.31637e-18)
(8.45656 -1.36661 3.82477e-18)
(7.54459 -1.00015 4.7879e-19)
(5.71898 0.53836 1.55536e-18)
(7.21791 -0.714743 0)
(3.29428 -0.744574 4.96733e-18)
(10.8318 -0.619959 9.36721e-18)
(7.93057 -1.09357 -1.25149e-18)
(10.0472 -0.0617265 0)
(7.96693 -1.08381 1.19001e-18)
(7.91978 -1.06526 -1.19826e-18)
(10.1214 -0.168325 0)
(9.4352 -0.065878 -4.61372e-17)
(10.7209 -0.631088 -7.97941e-18)
(8.31959 -1.37599 2.93267e-18)
(3.82396 -0.601286 -6.81379e-18)
(8.86108 -0.119556 0)
(8.84989 -0.111671 0)
(8.86561 -0.107549 -2.6812e-17)
(4.02676 -0.716079 7.59074e-18)
(7.20112 -1.00203 4.64711e-18)
(7.18074 -0.97674 -3.46167e-19)
(6.95313 -0.908974 -3.26234e-18)
(9.88172 -0.781302 -9.97484e-18)
(10.7694 -0.815808 -2.6871e-18)
(5.19151 -0.870451 -4.91391e-18)
(8.70914 0.1663 0)
(6.89977 -0.899037 -3.20416e-18)
(3.6063 -0.584185 4.00453e-18)
(7.26543 -1.0586 -1.12155e-18)
(7.47059 -1.11639 -2.56172e-18)
(10.7561 -0.342972 -1.34891e-17)
(9.61554 -1.29828 -5.70658e-18)
(6.98377 -0.769296 0)
(7.44424 -1.15651 -4.4171e-18)
(8.91494 -0.0172315 0)
(8.39123 -1.34743 0)
(9.54061 -1.31117 5.7053e-18)
(8.49206 -1.28352 0)
(8.08017 -1.17132 0)
(8.22486 -1.33515 -1.96209e-18)
(8.08884 -1.13936 -9.83796e-19)
(10.9866 -1.30168 3.74488e-18)
(5.65964 -1.04554 0)
(5.73431 0.036875 -1.3994e-17)
(8.79771 -0.335947 1.71098e-19)
(6.75845 -1.01147 0)
(6.68304 -0.738039 -2.91876e-18)
(9.1421 -1.37044 7.87124e-19)
(4.34367 -0.66774 -3.32436e-18)
(9.96137 -1.38245 4.37137e-18)
(7.99471 -1.09997 -2.19602e-18)
(7.99098 -1.12177 2.5349e-18)
(8.07376 -1.32008 1.9533e-18)
(9.9671 -1.3907 -2.30544e-18)
(9.36637 -1.19497 0)
(8.45499 -1.04789 -2.67751e-18)
(8.33239 -1.34756 -3.57788e-19)
(7.57394 -0.850492 0)
(10.0946 -0.97387 5.93599e-18)
(9.81663 -1.31614 3.43537e-18)
(3.57288 -0.621144 0)
(10.9011 -1.35965 -2.78474e-19)
(7.51587 -0.906095 1.80814e-18)
(9.90064 -0.0776697 -1.99817e-17)
(9.44603 -1.4675 0)
(8.11076 -0.10281 2.17799e-17)
(7.97225 -0.102915 3.86548e-20)
(7.93658 -0.225494 1.08731e-17)
(5.91977 0.103261 -1.25336e-16)
(7.89021 -1.21818 1.53774e-18)
(10.0962 -0.271799 5.90926e-19)
(9.1686 -0.145778 7.23336e-17)
(4.05373 -0.579524 2.50394e-18)
(7.56982 -0.891403 -1.5259e-18)
(6.57483 -1.10687 3.93904e-18)
(7.34211 -0.994265 1.13143e-18)
(4.23214 -0.685086 3.09312e-18)
(7.23256 -1.23039 -8.95427e-19)
(7.70289 -1.18632 1.08712e-18)
(8.99019 0.0670764 7.3801e-18)
(7.70325 -1.25712 1.23236e-18)
(10.3726 -1.50319 0)
(7.14665 -1.1714 9.29664e-18)
(7.55152 -0.644028 3.88349e-18)
(12.2046 -0.46997 -1.06632e-17)
(7.74753 -1.20145 0)
(6.459 -1.10054 -4.28013e-18)
(7.39729 -0.925315 0)
(11.4563 -0.644567 -2.64036e-18)
(10.1841 -0.0700364 0)
(7.66594 -0.660454 -1.2532e-17)
(7.40713 -0.897466 0)
(7.43775 -0.939797 0)
(7.27318 -0.775723 2.16886e-18)
(12.1078 0.801795 0)
(7.45982 -0.875539 -1.02565e-18)
(11.4384 -0.313719 -2.37014e-17)
(8.51068 -0.276552 5.55823e-18)
(11.57 -0.231138 1.68064e-17)
(8.43892 -0.273176 7.10812e-18)
(11.8242 1.17365 8.44115e-18)
(7.53919 -1.27671 0)
(9.07929 -1.42796 1.85e-18)
(8.42701 -1.37039 0)
(6.60154 -0.713346 6.12356e-18)
(9.16709 -1.44759 -4.05942e-18)
(8.15444 -1.32902 -9.08504e-19)
(12.4568 0.989933 -1.35443e-17)
(9.32308 -1.30112 0)
(8.99668 0.361023 4.58429e-18)
(5.14137 -1.23069 0)
(10.3389 -0.453041 1.71607e-17)
(10.5466 -1.47732 1.16879e-18)
(7.16182 -1.11734 5.40117e-18)
(10.7297 -1.42919 0)
(7.83934 -0.712333 -8.17563e-18)
(11.3977 -1.44071 -1.64327e-19)
(10.5011 -0.284093 -4.5651e-18)
(3.87631 -0.74791 -1.65254e-18)
(7.93423 -0.758963 -2.30945e-18)
(10.0565 -1.19724 -8.14628e-18)
(7.87507 -0.772073 -2.7529e-18)
(10.6711 -0.0573157 -9.22657e-18)
(11.5146 -0.762168 4.67025e-18)
(11.7019 -0.373649 -1.69775e-17)
(8.63394 -1.40725 2.42688e-18)
(10.7821 -0.913237 3.62438e-18)
(10.697 -0.992636 0)
(10.5427 0.20218 0)
(10.1809 -1.44122 0)
(10.3109 -1.40812 -3.77121e-18)
(7.11062 -1.2219 0)
(9.43014 -1.44073 1.25494e-18)
(10.2241 -1.39494 0)
(9.43166 -1.44602 -3.80416e-18)
(9.32775 0.0332468 3.85946e-19)
(5.14031 -0.739009 2.83581e-19)
(3.7939 -0.616132 8.34579e-18)
(6.5333 -1.05053 1.40346e-17)
(13.2239 -0.698178 -3.26596e-18)
(10.1627 -1.10606 -6.57195e-18)
(6.56132 -1.1343 -2.06158e-18)
(8.95742 -0.373191 -1.83306e-17)
(6.3844 -1.09717 -3.82626e-18)
(12.9552 -0.394969 -1.07389e-17)
(5.51521 -0.97377 -1.43662e-20)
(7.2991 -1.17743 -4.81965e-18)
(9.04058 -0.277703 -1.24271e-17)
(9.27722 -1.41901 0)
(3.77107 -0.602293 1.03813e-17)
(9.68408 -1.44762 -2.22225e-18)
(6.6762 -1.13365 -3.06157e-18)
(9.32325 -1.2655 3.72151e-18)
(7.88257 -1.32794 0)
(12.3171 -0.699822 1.09509e-17)
(6.99717 -1.14519 0)
(5.61051 -0.802742 9.17606e-18)
(3.29611 -0.603228 0)
(8.22369 -1.25076 0)
(7.45095 -1.26848 0)
(3.18227 -0.587832 -6.35117e-18)
(4.41736 -0.424467 -1.67401e-17)
(7.85186 -1.31145 0)
(7.71922 -1.31192 2.32655e-18)
(9.04288 0.0929512 8.19212e-17)
(9.01464 0.119431 0)
(9.05119 0.119606 -1.71623e-17)
(13.0254 0.409438 8.52908e-19)
(5.1373 -1.08486 -3.6898e-18)
(6.95099 -1.19364 -1.10668e-18)
(8.45586 -1.37128 0)
(5.16061 -1.00523 -8.04921e-18)
(9.59837 -1.21563 0)
(9.5105 -1.23311 0)
(6.92997 -1.16942 -1.46555e-18)
(7.86451 -1.31952 -2.15468e-18)
(10.2567 -0.902963 0)
(8.4988 -1.41515 0)
(8.8889 -1.43497 0)
(9.4078 -1.28493 0)
(9.33089 -1.3025 0)
(8.97089 0.230653 5.53947e-18)
(10.0453 -1.41732 0)
(10.2411 -0.977701 0)
(9.40023 -1.30772 4.62197e-18)
(9.62148 -1.24164 -8.13498e-18)
(5.08841 -1.0377 2.66265e-19)
(7.13825 -0.530489 4.68201e-18)
(6.83988 -1.14226 -7.52852e-18)
(6.034 -1.41781 1.76045e-17)
(5.15169 -0.905864 0)
(6.1453 -1.10332 -1.39059e-18)
(5.63704 -0.89602 9.59192e-18)
(5.69663 -1.27561 -9.16031e-19)
(8.84626 -1.37665 -6.00934e-18)
(9.81787 -2.04504 0)
(9.68538 -1.21882 8.22999e-18)
(9.68414 -1.25014 -4.89854e-18)
(7.50393 -0.968172 -2.86746e-18)
(7.49504 -0.929833 -1.12223e-18)
(7.54291 -0.969443 3.67272e-18)
(8.2138 -1.33265 0)
(9.9401 -1.29443 -4.75931e-20)
(13.5238 -1.43224 -8.68377e-18)
(11.5664 -0.427559 1.01921e-17)
(7.40896 -1.26673 -2.71813e-19)
(8.63964 0.88781 -1.37808e-18)
(9.83526 -0.110037 1.8176e-17)
(11.5427 -1.20852 -3.85316e-18)
(9.75829 0.440702 0)
(3.80952 -0.643635 7.24451e-18)
(7.69866 -1.47912 0)
(10.6402 5.05986 2.72807e-18)
(10.9828 -0.778514 -9.93594e-18)
(8.57693 -1.27704 -7.99408e-19)
(10.8801 -0.886848 1.54242e-17)
(10.8512 -0.97442 0)
(7.59948 -1.45813 2.93614e-19)
(7.10489 -1.24065 -5.33284e-18)
(8.53652 0.251017 0)
(10.6267 -1.47559 4.09032e-19)
(9.81565 -1.26566 -3.38842e-19)
(9.77956 -1.27023 8.15214e-18)
(11.576 0.206642 3.43913e-18)
(7.15413 -1.21611 -1.247e-19)
(9.79672 -1.24768 -8.26184e-18)
(6.10919 -1.07441 -1.01398e-18)
(10.0978 -1.24213 1.02288e-18)
(5.04434 -0.758752 0)
(8.93141 0.12388 5.86374e-18)
(8.03274 5.18796 0)
(5.86025 3.92207 -8.11971e-19)
(10.7306 -1.33302 -3.74784e-18)
(7.85159 -1.30655 -1.40301e-18)
(3.96721 -0.699976 0)
(8.43312 -1.40304 4.15419e-18)
(9.6983 -1.43057 -2.86803e-18)
(8.77612 0.0928614 6.99692e-19)
(8.83294 0.105951 -2.92442e-18)
(6.40583 -0.986509 0)
(5.82545 -1.20985 -7.04383e-18)
(9.22522 0.189686 -2.36923e-18)
(11.7527 -1.1899 2.39897e-18)
(9.4624 -0.180034 9.07946e-18)
(6.84388 -1.26192 0)
(8.38844 -1.37922 -2.86602e-18)
(9.0378 -1.40874 -9.14919e-19)
(4.68738 -0.692103 3.0368e-18)
(9.76144 -1.17816 -7.2595e-18)
(9.22015 -1.43862 0)
(13.331 -0.136767 6.61299e-18)
(9.19981 -1.37711 -2.00786e-19)
(10.9229 -1.41786 2.29082e-18)
(10.9654 -1.36206 2.785e-19)
(9.58262 -1.41855 3.31884e-18)
(7.98598 -1.31782 0)
(7.17025 -1.19664 2.05039e-18)
(6.02211 -0.33305 -1.21295e-19)
(9.78576 -1.40816 0)
(5.87553 -0.28559 0)
(5.8953 -0.157703 -1.15636e-17)
(8.04536 -1.32349 9.85068e-18)
(8.36 -1.35765 -6.9293e-18)
(9.64748 -1.39486 0)
(5.87812 -1.08558 -4.71493e-18)
(6.08368 -1.02382 1.25392e-18)
(6.3146 -1.08249 1.22405e-18)
(9.67669 -0.0573099 0)
(9.6568 -0.147387 -6.7927e-18)
(5.90665 -0.998002 1.64484e-18)
(9.55853 -0.194895 1.259e-17)
(6.63716 -1.14481 -1.44657e-18)
(6.87519 -1.19887 -3.46449e-18)
(3.24979 -0.812855 4.2641e-18)
(7.21705 -0.889992 -4.00878e-18)
(7.13962 -0.911 -2.96576e-18)
(9.47054 -1.31744 5.90976e-18)
(8.66749 -1.3933 5.57946e-19)
(9.07454 -1.43243 -1.87356e-18)
(8.94015 -1.37584 -2.2608e-18)
(9.06708 -1.3847 2.146e-18)
(3.71122 -0.631826 0)
(9.07758 -1.37302 -2.34056e-20)
(3.98696 -0.643168 1.48032e-17)
(8.28353 -1.38613 0)
(8.66491 -1.42628 0)
(8.6915 0.0918579 1.06225e-17)
(3.84974 -0.850308 -4.98375e-18)
(8.63751 0.0731376 -7.55303e-18)
(8.39601 -1.41599 2.35542e-18)
(7.4701 -1.27147 6.63469e-18)
(7.3227 -1.36571 0)
(9.77783 -1.41048 0)
(8.59443 -1.40908 0)
(5.03086 -0.782976 6.07647e-18)
(11.084 -0.749838 -1.11134e-17)
(9.34603 -1.44114 0)
(6.2375 -1.10561 5.14011e-18)
(6.98614 -1.21709 3.39105e-18)
(8.87227 -1.43301 -5.79944e-18)
(8.11551 -1.31049 7.28837e-19)
(8.79708 -1.38591 1.54454e-20)
(8.27107 -1.37291 0)
(9.05149 -1.38582 1.38677e-18)
(7.59884 -1.30267 -4.90261e-18)
(9.08763 -1.38692 0)
(8.89377 -1.40011 1.52693e-18)
(7.87606 -0.824584 -6.01183e-18)
(7.83277 -0.847656 8.95897e-18)
(9.37093 -0.183096 1.34376e-17)
(8.80622 -1.35177 4.67465e-18)
(7.06426 -1.23352 2.59761e-20)
(9.39556 -1.25074 -1.2547e-18)
(9.49644 -1.21589 0)
(7.93282 -1.32599 2.54345e-18)
(8.15174 -1.36315 1.3914e-18)
(10.0389 0.254107 1.39819e-17)
(9.96474 0.166003 0)
(8.65018 -1.34681 -1.61904e-18)
(5.29441 -1.00928 4.13635e-18)
(13.8125 -0.901211 -4.14395e-18)
(10.4791 -0.616066 0)
(6.88022 -1.22439 1.30301e-18)
(3.55292 -0.665625 -2.30407e-18)
(7.64441 -1.28784 1.9564e-19)
(7.57538 -1.2751 1.88959e-18)
(4.01233 -0.619476 -1.34554e-17)
(4.78633 -0.876398 6.99387e-19)
(10.2649 -1.33006 2.67725e-18)
(5.70873 -1.22412 3.32505e-18)
(9.46715 -1.35645 3.60788e-18)
(12.097 0.0996717 -1.33975e-17)
(5.71335 -1.00502 -5.73586e-18)
(3.73067 -0.663704 1.06138e-17)
(9.77099 -1.13149 1.08187e-17)
(8.68411 -1.39946 -3.96412e-18)
(11.0199 -0.159121 3.52934e-18)
(11.001 0.0437493 1.6059e-17)
(10.1634 -1.49988 -2.07896e-18)
(9.59386 -1.31913 0)
(7.32326 -0.945911 -2.42493e-18)
(10.2957 -1.2172 0)
(9.95368 -1.18153 0)
(10.2995 -1.16952 0)
(10.0349 -1.14648 -5.45248e-18)
(10.2362 0.15907 -5.58759e-18)
(9.30135 -1.50961 6.56477e-18)
(10.2444 -1.27969 0)
(12.3751 -1.28985 5.10623e-18)
(10.2248 -1.1877 -9.7036e-18)
(6.09427 -1.09102 -2.72477e-18)
(8.7411 -1.39466 5.04818e-19)
(5.83158 -1.00584 -1.03781e-17)
(6.00551 -1.03951 -6.19666e-18)
(13.5906 -0.955216 4.16016e-18)
(10.7452 -0.961118 1.8836e-17)
(3.37491 -0.577053 1.64011e-18)
(8.35467 -0.453913 -2.37367e-17)
(9.93703 -0.322051 0)
(6.78688 -1.15786 -3.6148e-18)
(5.15368 -0.897277 2.66373e-18)
(7.80068 -1.30911 4.71425e-18)
(3.33439 -0.607904 0)
(6.45009 -1.13197 0)
(6.2719 -1.15428 -1.40819e-18)
(7.73324 0.277072 1.13259e-17)
(3.58808 -0.675528 2.08208e-17)
(3.7797 -0.620489 0)
(9.36195 -1.43232 0)
(8.52724 -1.37546 6.70501e-18)
(10.8108 -1.26042 4.5701e-20)
(9.60258 0.108244 0)
(7.23096 -1.24406 -3.39366e-18)
(9.60149 -0.0089972 2.38838e-17)
(10.7988 0.0511908 0)
(9.48815 0.128139 0)
(10.3317 -1.29853 3.423e-19)
(12.5107 -1.28254 -2.40673e-18)
(6.08454 -1.07341 -3.86638e-18)
(8.579 0.131095 -7.21002e-18)
(3.3169 -0.597679 -5.02079e-21)
(8.56003 0.0819597 2.01476e-17)
(7.78266 1.10124 -1.09208e-17)
(11.4897 -0.876555 3.44643e-18)
(9.17434 -1.38238 2.55957e-18)
(6.03627 -1.04662 -1.29949e-19)
(4.02584 -0.447507 -7.93862e-18)
(5.08652 -0.932513 -1.02518e-19)
(11.6612 -0.965162 1.30485e-19)
(6.92648 -1.17413 0)
(6.81857 4.61588 -7.62724e-18)
(6.18229 -1.06653 6.23197e-18)
(5.15085 -0.800453 -3.83028e-18)
(6.41283 -1.12911 1.05334e-18)
(3.97075 -0.440648 -1.39256e-19)
(6.37462 -1.1391 0)
(7.376 -1.31167 -2.59911e-18)
(7.09898 -1.16361 1.81617e-18)
(9.55089 -1.44077 2.22571e-18)
(8.80202 -1.39452 0)
(6.87605 -1.17631 0)
(8.47185 -1.36716 4.5503e-18)
(8.88379 -1.40794 1.92835e-18)
(10.3651 -0.639864 -1.51514e-18)
(5.20391 -0.866121 -6.60366e-19)
(9.23303 -1.15424 5.60282e-18)
(8.63438 0.112439 0)
(10.4617 -1.35109 -9.4319e-18)
(8.57082 -1.37111 -2.48147e-18)
(8.5862 0.0818383 -1.90228e-17)
(5.109 -0.875187 -7.77813e-18)
(7.93265 -1.31973 2.31013e-19)
(7.21636 -1.23245 5.09894e-18)
(5.81304 -1.02316 0)
(12.9104 -1.23901 0)
)
;

boundaryField
{
    frontAndBack
    {
        type            empty;
    }
    outlet
    {
        type            freestream;
        freestreamValue uniform (9 0 0);
        value           nonuniform List<vector> 7((8.90931 -0.113865 0) (8.88619 0.0917312 -1.6382e-17) (9.81314 0.20122 0) (9.78323 -0.191406 5.10174e-17) (8.89727 0.216072 -8.59365e-17) (8.92554 -0.210023 0) (8.71044 -0.00261372 0));
    }
    walls
    {
        type            noSlip;
    }
    inlet
    {
        type            freestream;
        freestreamValue uniform (9 0 0);
        value           uniform (9 0 0);
    }
    airfoil
    {
        type            noSlip;
    }
}


// ************************************************************************* //
