/*--------------------------------*- C++ -*----------------------------------*\
| =========                 |                                                 |
| \\      /  F ield         | OpenFOAM: The Open Source CFD Toolbox           |
|  \\    /   O peration     | Version:  2206                                  |
|   \\  /    A nd           | Website:  www.openfoam.com                      |
|    \\/     M anipulation  |                                                 |
\*---------------------------------------------------------------------------*/
FoamFile
{
    version     2.0;
    format      ascii;
    arch        "LSB;label=32;scalar=64";
    class       volVectorField;
    location    "200";
    object      U;
}
// * * * * * * * * * * * * * * * * * * * * * * * * * * * * * * * * * * * * * //

dimensions      [0 1 -1 0 0 0 0];

internalField   nonuniform List<vector> 
2283
(
(10.0389 -0.0189381 1.71447e-18)
(9.75901 -0.00510893 5.49117e-17)
(6.03036 -1.06836 -5.01503e-18)
(6.27613 -1.08427 4.93713e-18)
(7.59375 -1.19246 0)
(7.62608 -1.27426 0)
(9.34153 -0.0619825 0)
(9.29555 -0.01421 -1.37128e-18)
(3.70274 -0.684531 -1.96209e-18)
(19.0957 6.29467 0)
(16.8635 4.13261 3.08427e-18)
(7.88429 0.593767 -5.83336e-17)
(6.96123 0.62692 -6.34302e-18)
(9.65897 -0.953625 6.45109e-18)
(7.67756 0.445874 -1.14178e-17)
(8.821 0.865047 0)
(9.00575 0.912956 2.14346e-18)
(7.30446 -0.544232 8.1387e-20)
(9.92586 0.00868819 0)
(7.24285 -1.22834 -5.70577e-18)
(8.59779 -1.35443 2.36476e-18)
(8.31909 -1.33954 0)
(9.04405 0.0242521 4.52951e-17)
(8.99355 0.0154621 -1.0782e-16)
(9.34616 -0.0385257 0)
(10.0864 0.00884042 6.27315e-17)
(8.80733 0.297677 0)
(10.8983 -0.998599 0)
(8.74226 0.270247 0)
(5.3998 -0.936867 1.67583e-18)
(3.62767 -0.619158 -5.48713e-18)
(8.49165 0.038954 0)
(8.43387 -0.0111179 -2.7738e-18)
(8.7729 0.0459949 -2.38832e-17)
(9.09877 0.0110361 0)
(8.66872 -0.189815 -8.33336e-18)
(8.7212 -0.234938 0)
(8.89455 0.110138 1.4274e-17)
(8.92359 0.120431 -1.98054e-17)
(9.7033 -0.0123271 -9.94022e-17)
(6.5327 -0.0611366 1.11978e-16)
(9.53715 -1.04336 -9.13192e-18)
(8.82423 -1.4152 2.08044e-18)
(9.26861 -1.45135 -3.66457e-18)
(11.1997 -0.822666 4.98716e-18)
(11.2509 -0.954074 0)
(7.52804 -1.43432 3.02727e-18)
(5.82497 0.350875 -1.56767e-18)
(5.63604 0.147517 0)
(8.76192 -0.0883404 -6.35099e-19)
(7.60937 -1.19229 3.91786e-18)
(8.81012 -0.0953283 1.50764e-19)
(9.73966 -0.388051 5.86274e-19)
(10.5124 -1.21005 2.77317e-18)
(10.2598 0.022289 -2.52836e-18)
(9.73806 -1.4434 -5.00068e-18)
(7.26219 -0.597853 0)
(7.29921 -0.227879 0)
(3.85007 -0.622065 0)
(10.1482 -0.079336 2.70526e-17)
(7.23343 -0.297396 -8.34458e-18)
(11.091 1.34315 -1.13914e-17)
(9.80722 -1.42866 0)
(11.197 -0.583262 1.4165e-17)
(3.70659 -0.66698 -1.65125e-18)
(9.82798 0.0778029 -1.00446e-17)
(10.0752 0.0652416 1.04256e-16)
(11.142 -0.46306 0)
(7.47124 -1.25571 -2.13418e-18)
(9.01626 -1.43279 3.0112e-18)
(7.98626 -0.855781 -2.71882e-18)
(8.51906 -1.34536 -2.92703e-19)
(9.6355 1.65738 2.73308e-17)
(6.55811 -0.0113607 3.44369e-17)
(9.30616 -0.670705 -3.14026e-17)
(8.57368 -1.29454 0)
(8.84862 0.0266861 1.4351e-18)
(8.77368 0.107287 1.79362e-18)
(8.99543 0.103718 0)
(9.02488 0.0788071 0)
(8.87106 -0.259573 1.2241e-18)
(8.89793 -0.281831 0)
(10.4407 -1.2294 -1.43293e-18)
(8.3347 -1.36774 5.34387e-20)
(3.65006 -0.836108 2.72215e-18)
(8.50046 -1.37687 2.30479e-19)
(11.4883 -1.44848 1.62021e-19)
(10.4467 -1.12534 0)
(10.1176 -1.48408 1.65164e-20)
(10.4185 -1.44249 1.88796e-18)
(9.50494 -1.13093 0)
(15.4244 8.59894 0)
(10.3982 -1.18946 0)
(8.85991 -0.203697 -1.21736e-17)
(8.75503 -0.232706 0)
(8.68591 -0.0160941 1.27037e-17)
(9.65564 1.29161 -2.09471e-17)
(7.47813 -1.30641 2.84133e-18)
(8.85392 -0.0304778 -4.11779e-17)
(6.81007 -1.20903 -4.17004e-18)
(10.3469 1.01892 -2.22762e-17)
(9.94842 1.06034 4.15904e-17)
(10.3596 -0.298185 4.55446e-17)
(10.0092 -1.44759 0)
(5.74383 -0.984265 0)
(10.0598 6.96877 0)
(9.41117 -0.0447568 -1.35777e-16)
(9.4735 -0.00502978 2.22819e-18)
(7.104 -1.13319 0)
(4.82493 -0.777833 0)
(9.16588 0.00693495 -6.72257e-17)
(8.61141 0.248154 1.32998e-17)
(8.68278 0.302112 -1.13934e-17)
(8.65945 -0.675324 -5.39628e-18)
(8.86687 -0.516621 -4.83371e-19)
(10.1082 6.64774 3.22789e-19)
(7.16597 0.447618 1.29423e-17)
(9.4602 -0.000429896 -2.12704e-17)
(7.85754 -1.38518 0)
(8.60252 -0.432111 7.37076e-20)
(8.56075 -0.579647 -4.19361e-18)
(9.40746 -1.44843 4.35548e-18)
(8.96785 0.270598 5.91582e-19)
(9.00606 0.296099 -4.56825e-18)
(3.66288 -0.693877 -3.8065e-18)
(8.35603 -1.21726 -1.5513e-17)
(9.57609 -1.12773 7.81665e-18)
(9.23877 -1.45483 0)
(7.85064 -1.30138 0)
(10.6955 -1.40973 2.20573e-18)
(8.26421 -1.09063 2.51067e-18)
(7.10172 -0.917351 0)
(4.72296 -0.5983 -1.90321e-18)
(9.36108 -0.468514 0)
(8.26123 -1.02635 0)
(7.40653 -0.973864 -1.13792e-18)
(9.04258 -0.159506 -3.10163e-17)
(9.05364 -0.17923 -6.94772e-18)
(7.237 -1.24153 0)
(4.2672 -1.42716 3.02826e-18)
(7.15168 -0.281105 4.15567e-18)
(7.90357 -0.746122 1.13379e-17)
(7.27355 -0.919639 2.83956e-18)
(8.02014 -0.946476 0)
(7.38359 -0.322665 -3.61607e-18)
(5.29406 -1.10348 0)
(11.6575 -0.00435198 4.80452e-18)
(8.86811 0.13719 3.89608e-17)
(9.01104 -0.0288038 0)
(9.11473 -1.04058 1.66285e-17)
(8.99386 -0.0130544 3.15312e-17)
(7.49063 -0.277432 -2.39456e-18)
(8.42165 -0.375287 -3.38176e-17)
(8.50067 -0.462397 0)
(7.5907 -1.26601 -6.38686e-18)
(8.22651 -1.29052 0)
(6.79986 -1.1894 3.7907e-18)
(6.26022 -1.11497 0)
(8.13175 -1.02779 -2.96572e-18)
(7.61325 -1.29209 -3.62449e-18)
(7.12566 -0.0750609 -5.65311e-18)
(10.1379 -0.0575676 -1.21587e-16)
(7.01419 0.0121538 1.03825e-17)
(11.6379 -1.21836 6.87335e-18)
(9.66834 0.344686 -2.03928e-17)
(11.2043 -1.0435 9.58646e-19)
(9.5103 0.34743 9.1031e-18)
(8.04128 -1.34267 4.86702e-18)
(9.22461 0.42688 -1.10561e-17)
(8.30561 -0.948458 2.5633e-18)
(5.86246 -1.03863 1.43394e-18)
(3.95587 -0.700239 0)
(5.81713 -1.27569 5.58268e-18)
(7.44163 -1.2656 7.32798e-19)
(9.34444 -0.243332 0)
(8.45949 -0.210484 2.4685e-18)
(11.0641 -0.843745 4.47357e-18)
(10.9847 -0.97491 -8.68776e-18)
(7.74147 -1.28069 1.71682e-19)
(6.60603 -1.10863 -2.98989e-18)
(9.19053 -1.30143 -9.22289e-18)
(6.74659 4.078 -1.03403e-17)
(4.24755 2.35932 3.39343e-17)
(9.36648 6.38056 -7.70866e-19)
(6.30231 -0.439559 8.5683e-18)
(6.1115 -0.513738 -4.08124e-18)
(7.55265 5.60648 1.79806e-18)
(5.49917 4.57363 -6.42456e-18)
(7.57956 -1.13816 -1.06928e-18)
(5.98114 1.58836 3.18581e-18)
(9.41441 -0.96611 3.74945e-18)
(8.6234 -0.0565687 0)
(9.10945 1.1525 6.43944e-18)
(9.11017 -0.901945 -2.19252e-17)
(5.93392 0.696824 -1.5011e-18)
(6.25599 0.678851 0)
(7.60644 -0.60832 6.38142e-18)
(7.60616 -0.525255 -1.09406e-17)
(10.5231 -1.29532 5.1888e-18)
(10.5561 -1.31365 -2.7063e-18)
(7.711 -0.83251 -3.44677e-18)
(7.71454 -0.768384 7.18801e-18)
(5.99001 -0.994225 6.15578e-19)
(10.6438 -1.26472 -3.48287e-18)
(6.65091 -1.18715 -4.31977e-19)
(9.15276 5.30122 -6.76767e-18)
(16.1736 3.45811 0)
(8.74648 4.85341 -4.07499e-19)
(7.53799 -0.462715 0)
(5.9517 2.41372 -6.84739e-18)
(9.03806 0.219236 0)
(9.01345 0.176719 0)
(4.47134 -0.897273 -9.5586e-19)
(7.93941 -0.999159 0)
(8.65049 -1.35937 0)
(8.10452 -0.995953 1.11539e-18)
(9.16068 -1.4317 -2.50965e-18)
(8.04964 -0.994905 2.55244e-18)
(9.65976 -1.29855 0)
(4.4585 -0.919346 -3.00824e-18)
(4.55177 -0.781888 0)
(7.9406 -0.435268 1.11097e-17)
(4.9903 -3.08667 1.5492e-17)
(8.36114 -1.32978 -1.34709e-18)
(7.95627 -1.37264 0)
(5.14449 -0.944001 -1.75916e-18)
(6.70869 -1.1867 -1.62307e-18)
(7.95259 -1.3359 4.02835e-18)
(6.39986 -1.12218 2.50862e-18)
(8.92159 0.611281 0)
(7.66499 -1.30642 0)
(5.27084 -1.26299 0)
(5.94372 -1.13112 -1.72402e-18)
(10.6611 -1.20355 -7.57742e-19)
(10.6187 -1.14006 0)
(8.21362 3.90136 1.98132e-19)
(5.26557 -0.928393 5.18943e-18)
(7.89859 -0.00739392 -1.33974e-17)
(3.68652 -2.06311 -3.08698e-17)
(9.04374 0.638047 -3.18494e-18)
(9.76885 -0.718788 -3.67575e-18)
(8.02826 -1.03231 1.93286e-18)
(3.76019 -0.681379 -9.70083e-18)
(9.09903 0.777176 3.11501e-18)
(7.42341 -1.3143 5.65626e-18)
(7.97714 0.139002 -1.15948e-18)
(8.30534 -1.36871 -1.19235e-18)
(8.54666 -1.38437 -2.45772e-18)
(8.09451 -0.565232 8.13035e-18)
(8.54661 0.502158 1.15096e-17)
(9.44498 0.00759528 0)
(5.49414 -0.943721 -9.90453e-18)
(5.3883 -0.82883 -7.94747e-18)
(9.65014 -0.803706 0)
(4.31782 -0.469972 8.5642e-18)
(8.51035 -1.37057 6.65581e-18)
(5.51021 -1.74091 -5.94427e-18)
(7.85665 -0.383324 4.47606e-19)
(7.90928 0.255594 2.11373e-17)
(12.1341 -1.25888 -1.07715e-18)
(11.8934 -1.33239 0)
(7.84182 -0.279223 -5.64216e-18)
(7.4636 -1.08577 2.36135e-18)
(5.19977 -0.876396 -1.64314e-18)
(7.24417 -0.94236 -6.19102e-18)
(9.84869 -1.3368 1.10239e-17)
(9.51563 -0.81403 -4.43719e-18)
(8.83233 -0.132679 0)
(7.68599 -1.2932 0)
(8.85047 -0.139752 0)
(7.74268 -0.233814 0)
(7.79068 -0.448902 9.30542e-18)
(7.52814 -0.133332 1.14516e-17)
(8.24454 -1.27156 -2.13847e-18)
(7.48276 -0.515065 0)
(8.28018 -1.19881 -5.98318e-19)
(7.20527 -1.25102 8.47158e-19)
(7.92798 -0.912126 -3.03396e-18)
(12.3506 1.57405 0)
(7.87965 -1.24985 4.14165e-18)
(7.96916 -0.953967 0)
(12.6005 2.01272 2.9256e-17)
(9.11372 -1.41213 -1.50013e-18)
(3.79317 -0.644845 -8.84827e-19)
(7.61749 -1.32236 -2.70481e-18)
(8.27024 -0.509012 -4.64824e-18)
(11.0329 -0.53264 -1.01408e-17)
(8.7134 -1.36047 -3.03708e-18)
(8.57964 -1.36976 -1.40661e-18)
(6.25356 -0.2148 -1.06034e-17)
(6.38965 -0.271201 1.04216e-17)
(8.56992 1.27933 -3.99785e-20)
(10.9741 -0.686238 1.03297e-17)
(8.14168 -1.40257 0)
(5.31399 -0.93387 2.99417e-18)
(7.21625 -1.21674 0)
(4.97013 -0.874174 0)
(9.30274 -1.45986 -2.1777e-18)
(8.08671 -0.740128 4.83881e-18)
(10.0435 -1.49574 0)
(7.68581 -1.40803 0)
(8.03585 -1.24324 0)
(8.01544 -1.24022 -1.02703e-19)
(8.79419 -0.2709 0)
(9.05072 -0.245741 1.87146e-17)
(8.67457 -0.165764 2.18048e-18)
(8.84319 -0.156443 0)
(7.42642 -0.488987 -9.23142e-19)
(9.05724 -1.33352 6.0951e-18)
(9.18274 -1.31761 0)
(8.5838 -0.361926 -3.3756e-18)
(9.62872 0.0195909 -5.7612e-17)
(8.31614 -0.401636 2.77308e-18)
(8.28682 -0.628093 6.15043e-18)
(8.41814 -0.772048 -2.82445e-18)
(6.59308 -0.584519 5.67075e-18)
(6.80711 -0.604151 1.2461e-18)
(10.9328 -0.487961 1.53412e-17)
(9.43774 0.0215583 5.59696e-17)
(8.25031 -1.18774 0)
(7.29878 -0.984303 1.12831e-18)
(9.08304 -1.35176 -5.20404e-18)
(10.2664 -0.0145697 0)
(8.82856 -1.36139 0)
(7.54502 -1.09697 4.47858e-18)
(7.51115 -1.1254 0)
(7.62972 -1.05083 0)
(7.66919 -1.02737 1.67846e-18)
(10.9012 -0.320352 2.50431e-18)
(3.44849 -0.611591 4.50468e-18)
(10.3921 -0.928742 0)
(6.66246 -0.63396 -5.28788e-18)
(6.72781 -0.0949572 7.52289e-18)
(7.79184 -0.967842 -2.28144e-18)
(8.89977 0.107641 0)
(8.859 0.102227 1.88159e-17)
(7.75001 -0.987057 2.7901e-18)
(9.87335 -1.41527 3.42346e-18)
(8.16101 1.78909 3.53817e-18)
(9.17086 -1.33877 1.00959e-17)
(9.3927 -0.311378 0)
(8.52739 -0.681065 -1.21793e-18)
(8.27379 -1.66575 1.70759e-17)
(5.54093 -1.15134 -2.61119e-17)
(8.49434 -0.83069 5.74352e-18)
(9.07556 -1.3441 -5.12907e-18)
(5.03856 -1.1247 -2.95888e-18)
(10.0222 -1.32392 -4.84708e-18)
(3.63309 -0.620318 2.1034e-18)
(8.6633 -1.41639 -7.5458e-18)
(8.1822 -1.28912 0)
(9.60716 -1.37625 0)
(7.49552 -0.606372 -2.94728e-18)
(9.32702 -0.382029 0)
(9.03278 0.0781793 -2.46387e-17)
(7.29313 -1.13875 0)
(8.3027 1.36372 -3.16263e-18)
(7.87786 -1.18932 0)
(7.82785 -1.19331 -4.06805e-19)
(7.92061 -1.1509 0)
(7.90928 -1.12534 0)
(7.24952 -1.21209 0)
(10.1864 -1.39247 -5.65519e-18)
(10.7247 -1.45437 8.19878e-18)
(9.20958 -0.156668 -3.68927e-18)
(9.11048 -1.33126 0)
(7.25268 0.900444 5.246e-18)
(8.97665 -1.43516 4.73884e-21)
(13.3141 -1.07353 2.17779e-17)
(6.72671 -1.122 1.61366e-17)
(4.57601 -0.764954 -1.44294e-17)
(11.1026 -1.19372 3.2097e-18)
(9.14151 -0.152093 3.06906e-18)
(11.0778 -1.0762 0)
(10.1689 -1.29812 1.06304e-18)
(8.57812 -5.09495e-05 9.11173e-18)
(9.12465 -0.177881 -2.10198e-17)
(11.573 -1.39261 0)
(12.9905 -1.16722 3.26824e-18)
(14.7872 -0.985495 -2.26798e-17)
(11.2135 2.28398 -2.27852e-18)
(8.58099 -0.448058 0)
(9.10009 -0.0517184 0)
(9.93548 -0.0119065 7.32808e-19)
(9.58289 -0.0061642 1.04606e-18)
(10.8932 -1.1222 6.91359e-18)
(8.88546 -0.069968 0)
(10.1031 -1.10774 7.2766e-18)
(10.1338 -1.04361 0)
(7.76603 -1.04807 0)
(7.80902 -1.0238 0)
(6.51954 1.50297 1.79129e-17)
(9.76163 -0.953811 2.48515e-18)
(10.0987 -1.35388 -1.43588e-18)
(11.0328 -1.229 0)
(8.71735 -1.36293 -2.16222e-18)
(10.9573 -1.19441 -3.67931e-18)
(10.1616 -1.25473 1.87025e-18)
(15.0188 -0.0461827 0)
(7.73753 -1.32626 -3.7085e-18)
(1.82054 0.226911 6.56004e-17)
(7.43432 -0.768052 1.74251e-18)
(7.46894 -0.721254 -6.90971e-18)
(7.38281 -0.774226 0)
(2.06709 0.944064 4.16978e-18)
(7.34414 -0.743474 0)
(8.34986 -0.791403 0)
(7.66993 -1.27224 1.57254e-18)
(7.23555 -1.19958 -1.71042e-18)
(6.88485 -1.19292 9.13876e-19)
(8.27467 1.95461 -2.72182e-18)
(10.1035 -1.27226 1.80553e-18)
(6.4623 0.0187278 6.14083e-18)
(8.21098 -0.445266 -2.05587e-17)
(7.63596 -0.972946 2.99385e-18)
(7.59318 -1.00565 0)
(9.14145 0.0348376 -2.23199e-17)
(7.71993 -0.921908 -5.15533e-18)
(7.76161 -0.900503 1.85076e-18)
(5.76337 -0.942209 0)
(6.8793 -0.304263 9.24729e-19)
(5.6932 -0.101046 2.54191e-17)
(8.34339 0.199863 0)
(10.2351 0.0578444 -1.47501e-17)
(2.85017 0.524144 -3.73021e-17)
(9.03369 0.0206462 1.85029e-17)
(9.05996 0.0304427 -4.15881e-17)
(8.83299 -0.0154164 -3.23412e-17)
(6.95577 -0.231803 -1.62725e-18)
(7.6165 -0.758935 0)
(8.81663 0.00818281 0)
(8.049 -0.282888 3.26206e-18)
(8.12435 -0.462414 2.08285e-17)
(7.66807 -0.729499 7.18682e-18)
(8.50525 -0.00576086 0)
(8.99661 0.0493023 3.48607e-17)
(8.97338 0.0626374 3.51e-17)
(8.96805 0.0380329 5.82921e-19)
(7.85167 -1.27908 -3.33532e-18)
(10.3427 -1.21582 -2.7156e-19)
(8.27899 -0.0274386 1.18215e-17)
(9.7284 0.0719676 -1.35504e-17)
(8.96813 0.00219385 0)
(7.84677 -1.40633 0)
(8.74888 0.57073 9.49323e-18)
(8.04554 -0.375147 0)
(7.87434 -0.932308 1.89976e-18)
(5.76147 -1.08001 0)
(4.59801 -0.714665 -6.77831e-19)
(8.26969 -0.755657 3.75485e-18)
(4.73147 -0.958489 -1.53248e-18)
(7.86465 -0.970263 -4.63261e-18)
(8.15104 0.828172 1.57631e-18)
(6.68212 1.27534 1.09486e-17)
(8.85306 -0.0431342 -1.55755e-17)
(6.2501 0.995339 0)
(8.22661 -1.30971 1.13894e-18)
(7.16053 -0.799429 -1.44373e-18)
(8.88521 0.0153068 2.82712e-17)
(8.98653 0.0123644 0)
(9.39071 -0.0304192 5.74877e-17)
(5.92458 0.939959 -1.00793e-17)
(6.03126 -1.07472 -3.04702e-20)
(8.79099 0.0546723 3.16062e-18)
(7.83726 -0.902035 -3.8744e-18)
(7.34322 -0.827451 0)
(6.63719 -1.15072 0)
(8.88525 -0.0358744 7.49707e-19)
(8.80958 -0.0777376 -1.10604e-17)
(8.93448 0.0341516 -2.30459e-18)
(8.99848 -0.0485139 7.48955e-19)
(4.04213 -0.721853 -5.58839e-18)
(11.2293 -1.27387 4.47418e-19)
(8.87982 -0.0415416 -9.82212e-19)
(8.62497 -0.258704 0)
(8.66595 -0.15846 3.68085e-18)
(8.57045 -0.208343 0)
(8.6422 -0.331051 0)
(8.57792 -0.345268 0)
(4.9975 -0.875886 5.41815e-19)
(6.18241 -1.09094 1.25403e-18)
(9.18166 -0.0688839 0)
(6.51111 0.0270838 5.48753e-17)
(9.69559 -0.293155 -2.9231e-17)
(8.88302 0.112066 -1.29683e-17)
(8.8734 -0.0457349 -1.7357e-17)
(6.41625 -1.13943 -9.70137e-19)
(8.58462 -1.04257 0)
(9.8603 -0.0263181 -5.39766e-17)
(5.24447 0.206746 -1.51457e-17)
(8.72625 -0.0914794 -8.45416e-18)
(8.6741 -0.0874449 9.54671e-18)
(8.86149 -0.0644348 7.42126e-18)
(8.98136 -0.0356156 7.33312e-18)
(8.87813 -0.0507097 -1.53672e-17)
(8.85679 -0.0395612 3.20018e-17)
(9.3253 -1.42284 -3.44294e-18)
(9.06498 0.0285565 -1.98892e-17)
(7.61978 -1.15075 -4.07471e-18)
(8.861 -0.035258 -6.51964e-17)
(9.87838 -1.35921 1.2871e-18)
(10.1522 -0.840265 0)
(8.92761 0.126861 1.49185e-17)
(8.93018 0.131158 -3.19609e-18)
(8.99973 -1.37677 -2.80407e-20)
(10.176 -0.905482 0)
(11.8572 0.328009 0)
(10.1438 0.110756 -6.94045e-17)
(9.23136 0.020735 -1.99837e-17)
(9.63422 0.0622163 0)
(8.39586 0.1487 1.23253e-17)
(8.45393 -0.383585 0)
(9.143 0.0424033 4.07228e-17)
(9.05687 0.0838428 -6.81156e-17)
(9.19721 0.0785238 5.23039e-17)
(8.75221 -0.115344 5.3829e-19)
(8.81484 -0.0585829 -7.71224e-19)
(11.8052 0.0612262 -1.42906e-17)
(11.3358 -0.134197 -1.0439e-17)
(11.1894 -0.251644 1.02534e-17)
(11.1918 0.266476 -3.59927e-17)
(11.4016 0.113881 9.94189e-18)
(9.08543 0.0781281 2.92528e-17)
(9.00222 0.0558448 -3.66909e-17)
(8.86518 0.270134 0)
(8.83107 -0.423661 2.60433e-17)
(8.90021 0.0575816 2.17148e-17)
(8.87837 -0.471497 4.17707e-18)
(9.02723 -0.0909206 -2.77641e-17)
(9.03565 -0.0734777 2.56208e-17)
(9.68406 0.0580625 -1.36873e-17)
(8.3654 0.0505295 0)
(3.51434 -0.766782 -1.09481e-18)
(8.34314 0.711404 -1.28443e-17)
(8.52845 0.812775 8.12679e-18)
(9.08386 -0.0566594 -2.39569e-17)
(9.02388 -0.0660382 0)
(8.99265 -0.114308 0)
(8.92422 -0.00770872 1.85112e-17)
(9.01992 -0.123339 3.62789e-19)
(11.9591 -0.114238 -3.3005e-18)
(11.8244 -0.139489 9.16412e-18)
(10.5318 0.0193024 -6.98819e-18)
(10.6757 -0.857079 -5.05127e-18)
(10.397 -0.0511378 2.7973e-17)
(8.32115 -1.16193 2.51941e-19)
(10.0586 -0.3104 0)
(8.88602 0.0823419 1.46634e-19)
(9.68711 -0.0496637 2.19742e-17)
(9.36517 -0.00928012 -5.5057e-18)
(9.05652 -0.0244139 -1.76459e-17)
(8.9266 0.0614962 -2.09416e-17)
(10.0601 -0.0779458 5.46275e-18)
(9.9362 -0.0638138 -7.69531e-18)
(9.52975 -0.0108578 0)
(9.64457 -0.010811 5.47083e-18)
(9.42416 -0.0277669 -9.56638e-18)
(10.0136 0.113868 -6.8664e-18)
(9.939 0.0551313 3.5265e-18)
(8.96254 0.0594893 5.45527e-17)
(7.74529 -0.0124965 0)
(7.69702 -1.30542 1.46826e-18)
(7.99462 -1.3303 0)
(8.009 -1.26372 -9.83242e-19)
(7.78215 -1.3107 4.58139e-19)
(7.30874 -1.24414 -5.79305e-19)
(8.01517 -1.25901 1.0978e-19)
(9.98923 -0.124661 5.44175e-17)
(9.36563 -0.0803594 -5.33552e-17)
(10.1724 -0.0780317 -4.6137e-17)
(9.53283 -0.0580019 0)
(10.0651 -0.221476 4.61294e-17)
(8.72212 -0.369239 0)
(7.95732 -1.02471 0)
(8.85726 0.0452629 -1.68155e-17)
(7.08734 -1.25267 8.07993e-18)
(8.40164 0.325091 -4.64032e-18)
(10.059 -0.442661 0)
(7.37879 -0.407255 7.64177e-18)
(9.73356 0.0352576 3.33562e-18)
(6.62132 0.00518218 0)
(8.6264 0.592362 -1.35935e-17)
(9.56782 -0.0754071 7.11131e-17)
(7.98754 -1.03825 3.08943e-18)
(7.37701 -0.570359 6.87589e-18)
(9.01058 0.00650402 3.86604e-17)
(8.44188 -0.676373 -1.60454e-18)
(6.9168 -0.145226 0)
(9.67532 0.0484199 3.09495e-18)
(6.61724 -0.00969816 0)
(7.52852 -1.15241 1.71754e-18)
(10.0537 0.0569896 -6.2704e-17)
(6.92264 0.120851 0)
(7.50612 -1.1759 2.32864e-18)
(8.38256 -0.612926 0)
(10.0712 -0.100783 -8.21744e-18)
(8.83103 0.633104 -7.62368e-19)
(8.79549 -0.0178244 2.46411e-17)
(6.71635 0.179138 -3.28922e-17)
(9.18543 -0.0917135 0)
(6.43907 0.0134942 1.20339e-16)
(8.56165 -0.153125 -9.55925e-18)
(8.59247 -0.156409 0)
(7.14797 -0.709622 0)
(10.3013 -0.0721777 2.57038e-16)
(10.0616 -0.181117 -4.65629e-17)
(3.71544 -0.126947 -4.36982e-18)
(9.99899 0.141844 9.1149e-17)
(10.174 0.314513 2.63826e-17)
(8.63094 -0.191854 0)
(6.16541 -1.04905 0)
(7.07553 -0.763149 0)
(5.24484 -0.901661 0)
(2.55881 -0.150776 0)
(8.15648 -1.33315 0)
(8.80978 1.57956e-05 6.90383e-19)
(8.94242 0.0434622 0)
(8.98395 0.0284044 -1.95924e-17)
(8.93098 -0.0236239 -1.33423e-18)
(8.90949 -0.113882 0)
(8.50971 0.330102 0)
(9.19013 0.00299251 2.04463e-17)
(8.90738 -0.0237936 2.29106e-17)
(9.92207 0.000560603 0)
(8.71974 -0.118864 6.83373e-18)
(8.97623 -0.0567719 1.95873e-18)
(10.5179 -1.00132 -1.72009e-18)
(10.1014 0.0331432 -5.63876e-18)
(9.43004 -0.0277917 6.44673e-18)
(8.88707 0.0143646 3.08499e-17)
(10.1752 -0.600254 -7.7659e-18)
(10.6027 -0.974828 -5.44607e-18)
(10.0917 0.461162 -1.15962e-17)
(9.79522 -0.0613656 0)
(9.56354 -0.308703 -1.19992e-17)
(6.79035 -0.951264 2.60809e-18)
(8.97087 0.00198219 8.00399e-17)
(9.00842 0.0205583 -8.19812e-17)
(10.1451 -0.682716 -4.25612e-18)
(8.37007 -1.18251 -2.29968e-18)
(8.13333 -1.33876 1.09579e-20)
(10.1402 0.0411791 9.50941e-17)
(10.4352 -1.07653 2.91992e-18)
(6.40702 2.694 2.7185e-18)
(6.8153 -0.837996 0)
(9.48117 -0.348644 -5.01571e-19)
(8.59488 -0.119758 0)
(8.62871 -0.119543 0)
(9.94778 0.580892 -1.70537e-17)
(8.28149 -1.24595 4.43617e-18)
(9.53198 -0.165009 -2.75484e-17)
(9.02648 0.175587 1.44307e-17)
(8.5221 -1.07921 -4.52891e-18)
(8.86802 -0.00922872 0)
(8.99391 0.000445525 -1.4698e-17)
(8.07337 -1.34188 -1.35608e-18)
(9.02172 0.195777 9.25442e-19)
(8.90418 0.0191065 0)
(9.22462 -1.23455 -6.45612e-18)
(7.28132 -0.664705 6.95496e-18)
(8.99959 0.135759 3.35253e-17)
(8.90084 0.0163564 -2.26032e-17)
(9.72987 -1.26265 1.83497e-18)
(10.6107 -1.01624 3.62068e-18)
(8.91453 0.113091 0)
(8.64837 -1.38339 1.60856e-18)
(7.2317 0.198755 0)
(8.97622 0.129976 0)
(8.68067 -0.0239203 6.34098e-18)
(6.68319 0.212137 0)
(8.69854 0.0638483 -5.62483e-18)
(10.5543 1.46375 8.18605e-18)
(8.61153 -0.312751 3.42577e-18)
(8.10402 -1.33986 0)
(8.55007 -0.280133 8.1842e-18)
(8.68144 -0.21007 -1.2058e-17)
(8.4965 -1.37909 4.79558e-19)
(8.87944 -0.231452 -1.23244e-18)
(9.76636 -1.31745 0)
(5.08543 -0.925868 -2.13039e-18)
(8.98846 -1.40834 -9.57329e-19)
(10.4632 -0.40986 0)
(4.66008 -0.87948 -1.10611e-17)
(6.11852 -0.991198 6.82897e-18)
(6.41572 -1.19898 -1.05573e-17)
(4.92895 -0.916811 0)
(11.2509 7.33409 1.35252e-17)
(9.46586 0.0894296 0)
(10.2208 -0.296343 0)
(9.26625 0.0406979 7.06733e-18)
(6.15668 -0.0201061 0)
(9.79863 -0.458291 6.03312e-17)
(4.39538 -0.688893 1.85956e-17)
(9.52921 -1.38033 -3.52275e-18)
(9.64754 -1.35316 0)
(8.86479 -0.0766254 -2.66448e-17)
(9.27943 0.0531725 -4.75525e-17)
(9.53617 -1.37464 1.12282e-18)
(6.73163 -0.938901 5.43569e-18)
(10.2759 -0.244888 1.34618e-17)
(10.1463 -0.181574 -1.93469e-17)
(9.13418 -1.34899 2.69199e-18)
(7.99507 -1.27225 1.80534e-18)
(9.92008 -1.1078 0)
(7.12163 -0.95683 2.34004e-18)
(7.03515 -0.979439 7.62647e-19)
(7.22309 0.0063528 1.32552e-17)
(5.65144 -0.369116 4.51991e-18)
(8.63307 -0.0265026 -6.62363e-18)
(6.9465 -1.00648 6.47762e-18)
(9.875 0.161396 -1.09002e-16)
(9.11877 0.0699382 4.41681e-17)
(7.09334 -1.21936 8.35777e-18)
(7.94293 -1.29961 0)
(7.12948 -0.98805 0)
(6.9203 -1.19054 7.86157e-19)
(9.25472 -1.33947 -3.49203e-18)
(9.06955 0.0459614 2.32261e-17)
(7.9918 -1.29254 -1.5961e-18)
(9.06556 0.0422894 -5.20605e-17)
(8.90129 -0.0802626 2.07846e-17)
(9.86657 -1.0645 -1.54925e-17)
(8.52319 -1.3701 -1.58297e-18)
(8.19859 -1.35628 0)
(9.98698 -1.28482 0)
(10.0454 -1.2433 1.94056e-18)
(9.02314 -0.054335 -3.58861e-17)
(9.96766 -1.32553 0)
(8.55568 -1.08172 2.10377e-18)
(8.89433 -0.0417809 -1.205e-17)
(8.86583 -0.0329251 1.30307e-17)
(7.57037 5.99002 4.59193e-18)
(10.0009 -0.89403 0)
(9.94211 -1.05159 0)
(9.81001 -1.19855 0)
(10.0646 -0.826974 0)
(9.28311 -1.33493 0)
(8.81713 0.0759815 1.94725e-18)
(10.0549 -0.756464 0)
(8.92156 0.101327 -5.31023e-18)
(8.89731 -1.19795 -2.32837e-18)
(3.28021 -0.376685 0)
(4.47269 -0.431507 -1.37889e-17)
(7.24642 -1.25995 0)
(8.98633 0.0302218 0)
(9.34179 0.0253318 0)
(3.50755 -0.611984 5.67334e-18)
(9.45005 0.0294753 -2.70408e-17)
(8.95874 -0.972301 -3.63077e-18)
(8.72312 -0.815176 1.23057e-18)
(11.9757 -0.412555 2.32144e-18)
(11.779 -0.502845 6.35408e-18)
(7.24566 -1.23189 0)
(9.8367 -1.15427 0)
(9.3741 -0.929962 5.5396e-18)
(8.85524 0.0278856 0)
(8.95685 0.0270996 1.00191e-16)
(8.37456 -1.23883 0)
(7.0499 -0.972193 0)
(9.38983 -1.06066 0)
(6.0832 -1.02509 1.04369e-18)
(9.05655 -0.00396993 3.28667e-17)
(9.01706 -0.0211461 0)
(8.59426 -1.1012 -7.13308e-19)
(9.7403 -1.23048 4.74088e-18)
(9.00589 0.00354345 0)
(7.77503 -1.31568 1.88225e-18)
(12.0497 -0.82278 -5.11531e-18)
(8.44534 -1.27885 1.24272e-18)
(9.35842 -1.36561 1.76031e-18)
(8.71089 -1.11058 0)
(10.5942 -1.48666 0)
(5.46902 -0.965158 -3.32492e-18)
(9.02133 0.00560778 2.35517e-17)
(6.4671 0.832455 -5.77435e-19)
(6.94139 -0.956186 6.30333e-18)
(7.73648 -0.638356 7.58188e-18)
(7.73734 -0.578074 2.56276e-18)
(7.67538 -0.515862 5.74634e-18)
(11.7647 -0.703462 4.22181e-19)
(8.6804 0.366049 0)
(4.92558 -0.891886 0)
(9.22644 0.00734997 2.05827e-17)
(9.0686 0.0224114 -1.93519e-17)
(9.05858 0.01515 0)
(9.27512 -0.0438203 2.83275e-17)
(9.31213 -0.051182 2.52976e-17)
(10.6439 -0.211369 0)
(3.52081 -0.623598 0)
(8.86915 -0.0391903 -1.88216e-18)
(8.58188 0.39648 0)
(8.89762 -0.0513103 1.44738e-17)
(10.9598 -1.41844 0)
(8.40232 -1.33066 -9.92371e-19)
(9.88494 -0.0341755 5.70284e-17)
(5.45529 -1.09118 -6.22932e-18)
(8.29807 -1.27153 -1.10278e-18)
(5.06705 -0.844804 1.77624e-18)
(9.41907 0.0529538 0)
(6.5732 4.7417 1.77529e-18)
(9.09555 -0.0264545 5.62749e-19)
(11.185 0.882618 3.30577e-17)
(11.6244 0.750166 0)
(11.1926 -1.37586 2.37577e-18)
(11.6788 0.452353 0)
(8.51441 -1.16306 3.72739e-18)
(7.82087 -1.13394 0)
(8.08856 -0.524186 1.3793e-19)
(10.552 -1.15685 0)
(9.2411 -0.345767 0)
(8.50457 -1.18917 -2.81322e-18)
(8.16612 -1.26761 5.58027e-18)
(5.35368 -0.809656 -2.86667e-18)
(10.0597 -1.37972 0)
(9.11977 -0.0513998 2.19638e-17)
(9.21626 -0.266174 2.65199e-17)
(4.77936 -0.863273 -7.56382e-18)
(8.17012 -0.478459 -5.04386e-18)
(7.48227 -1.24653 4.38685e-18)
(5.99742 -0.837386 1.05309e-17)
(7.54104 -1.20404 -4.59592e-18)
(7.09549 -0.391268 6.85451e-18)
(11.6862 -1.38039 -1.1109e-17)
(7.10809 -0.20669 -2.20601e-18)
(7.46471 -1.02783 -2.3293e-18)
(7.50969 -1.0251 1.94732e-18)
(7.44784 -0.990661 0)
(7.43131 -1.01251 3.38235e-20)
(11.2538 7.32356 0)
(10.221 4.24391 1.26991e-17)
(8.71952 -1.33315 0)
(6.66917 0.0343046 -5.79044e-17)
(8.67959 -1.35282 -7.03783e-18)
(8.65852 -0.253367 0)
(8.3151 -1.32021 4.15295e-20)
(8.71987 -0.270761 8.20057e-19)
(7.07492 0.00637256 -9.53116e-17)
(8.8645 -0.132602 -3.78373e-20)
(8.60183 0.0399267 1.46302e-17)
(8.64741 0.0290415 -2.16594e-17)
(8.81373 -0.16821 -9.4782e-18)
(8.81841 0.405217 -2.48205e-18)
(6.55184 -0.874712 -7.83707e-19)
(8.87476 -0.639731 6.60503e-19)
(9.58425 0.0207152 0)
(8.33888 -1.27131 0)
(7.68408 -0.127268 -1.45697e-18)
(8.90352 0.433319 -8.427e-19)
(6.40667 0.0173931 0)
(4.1177 -0.552501 -4.04906e-18)
(11.3471 6.20601 -2.10487e-17)
(8.94206 0.486416 1.87106e-18)
(7.79017 -0.708935 6.78002e-18)
(8.27156 -0.484731 2.03904e-18)
(11.3967 -0.956901 0)
(7.33326 -0.16397 0)
(9.12237 -0.479019 -1.64313e-17)
(11.8581 -1.06397 0)
(6.03285 -0.538576 -3.76066e-18)
(10.5172 -0.915422 0)
(9.9238 -0.918966 0)
(9.17788 -0.376555 -2.88191e-18)
(10.02 -0.984248 0)
(9.97957 -1.10382 -3.84663e-18)
(6.41303 -0.475348 1.37581e-18)
(6.61789 -0.397844 3.8991e-18)
(10.5076 -0.734582 0)
(10.6189 -0.840549 5.50482e-18)
(9.0987 0.547878 -1.87021e-17)
(10.6217 -0.754942 0)
(9.1947 0.53095 3.8572e-17)
(9.58625 0.184565 1.02802e-17)
(8.88605 0.0917563 -1.63845e-17)
(9.17251 -0.011161 -4.97509e-19)
(9.1413 0.286738 -4.9825e-17)
(7.01558 0.0150329 -9.64378e-17)
(8.81315 -1.44416 0)
(6.49338 0.0061435 -8.08648e-17)
(9.03974 0.466347 4.22138e-18)
(10.1041 0.109474 1.60157e-17)
(9.77893 0.140765 3.03349e-17)
(9.51271 0.0234278 -2.6975e-17)
(10.0682 -0.0355415 -5.7219e-17)
(9.81328 0.201266 0)
(7.08351 -0.095883 -2.59167e-16)
(9.78336 -0.191394 5.10251e-17)
(12.3213 0.135602 7.40188e-18)
(6.58911 0.0137163 0)
(8.89374 0.1137 -4.32404e-17)
(12.4693 -0.293999 1.18432e-17)
(10.287 -0.557196 -1.62883e-17)
(7.36006 -1.21187 -4.57763e-18)
(9.31352 0.395168 2.15676e-17)
(10.1629 6.54611 -2.83599e-18)
(9.30357 0.306838 -9.58041e-17)
(8.77632 -0.628715 -2.50049e-18)
(8.62601 -0.528954 1.18393e-17)
(7.42896 0.6397 -1.52379e-17)
(10.9146 6.68926 -8.74813e-18)
(8.58263 -0.724755 -3.69008e-18)
(6.58902 -0.224386 0)
(9.54535 0.116574 0)
(9.62384 -0.13175 -5.73876e-17)
(6.8162 0.248841 0)
(6.35133 -0.132835 1.43288e-16)
(8.89739 0.21607 -8.5935e-17)
(6.36397 0.0974359 0)
(8.92563 -0.210021 0)
(6.40303 -0.0144191 0)
(7.23686 -1.07103 1.31924e-18)
(8.91354 -1.37087 -3.65927e-18)
(9.07611 -0.0990073 -2.0074e-18)
(8.70453 -1.36782 0)
(10.2439 -1.06129 1.08417e-17)
(10.8594 -0.715917 -3.15362e-18)
(9.09373 -0.0596441 0)
(12.0181 -1.37399 4.49912e-18)
(7.28762 -1.14504 1.36375e-18)
(12.2584 -1.2387 1.11865e-18)
(4.00151 -0.592374 1.31936e-17)
(5.4779 -0.84923 8.87256e-18)
(7.36178 -1.04528 0)
(7.31696 -1.04336 -1.21975e-18)
(11.9128 -1.37905 -7.16387e-18)
(8.05281 -0.933476 0)
(8.86145 -0.0355407 3.82552e-17)
(8.89818 -0.0247887 -1.82646e-17)
(7.93826 -0.690468 7.85813e-18)
(8.86825 -0.0250242 0)
(10.3149 -1.50077 -3.50968e-18)
(9.07098 -1.45121 0)
(6.97059 -1.27172 2.06063e-19)
(7.87659 -0.648024 5.38365e-19)
(9.33422 -1.43988 1.06423e-18)
(6.09827 0.357166 -5.32949e-18)
(6.76197 -1.27311 -2.5241e-18)
(6.59114 -0.0670063 9.35253e-17)
(6.53852 4.20146 -1.33535e-18)
(6.16312 0.195181 -5.01066e-18)
(9.47376 -0.712492 1.16258e-17)
(6.44307 0.170484 5.03816e-18)
(6.72923 0.308776 0)
(9.07398 0.180793 3.27659e-17)
(12.4297 -1.09672 1.89469e-18)
(8.20542 -1.13959 0)
(4.4885 -0.698099 0)
(8.75814 0.0419652 8.0423e-18)
(8.6769 0.0487926 -6.13535e-18)
(6.5033 -0.97274 -3.41533e-18)
(6.21221 -1.03095 -7.38004e-19)
(6.76798 1.19992 3.68626e-17)
(8.41768 0.839715 -1.86762e-17)
(8.21773 -1.16983 -1.32808e-18)
(7.47753 0.479266 1.47633e-17)
(7.29345 1.99415 -3.55169e-18)
(5.19538 -0.948591 0)
(6.86519 -0.989553 -7.6813e-18)
(5.17269 -0.959738 1.50372e-18)
(7.6522 2.40166 5.4769e-17)
(6.10471 -0.992641 -3.04081e-17)
(8.1664 -1.21383 1.51932e-18)
(7.55944 1.6172 2.0068e-17)
(4.25041 -0.679262 8.91706e-19)
(7.47855 0.129647 -2.59799e-17)
(9.06822 0.293968 0)
(8.58139 -1.01744 1.90756e-18)
(7.65127 0.137166 0)
(9.15307 0.257444 2.41076e-17)
(8.10306 -1.26237 -1.70743e-19)
(8.10887 -1.30101 1.44659e-18)
(7.58366 -0.678021 4.9249e-18)
(8.84196 -0.183555 2.40301e-18)
(8.13344 -1.27335 1.71534e-19)
(12.16 -0.960921 6.12095e-18)
(9.01074 0.172066 2.55454e-17)
(9.76781 -1.03754 -2.28225e-18)
(7.92489 5.83318 0)
(5.84236 4.09283 1.67363e-18)
(8.04254 -1.30068 -1.66227e-18)
(10.7574 -1.04855 -2.63211e-18)
(7.86518 -0.580034 0)
(12.5744 -1.07148 8.2857e-20)
(10.6696 -1.06012 0)
(10.2993 -0.727643 0)
(9.67322 -1.31808 1.12246e-20)
(9.6174 -1.34511 -3.35518e-18)
(7.77797 -0.826513 -5.04119e-18)
(12.705 -0.892719 0)
(6.34524 -1.09593 -2.55104e-18)
(7.94236 -0.524548 0)
(12.8329 -1.20209 -5.0024e-18)
(9.58407 -0.110811 -1.43722e-17)
(10.2781 -1.08231 -5.71119e-18)
(12.9493 -0.862871 3.32767e-18)
(9.57021 0.63788 2.25361e-17)
(7.2381 -1.29349 5.11423e-19)
(6.8135 -1.15791 0)
(6.77563 -1.15768 -2.75025e-18)
(8.33239 -1.38585 3.97973e-18)
(8.59311 -0.787593 0)
(10.007 -0.023655 7.48918e-18)
(8.12873 -1.20103 -1.59682e-18)
(9.42122 0.47297 -1.51804e-17)
(9.42712 0.564243 -2.208e-17)
(9.89633 -0.541542 0)
(9.08107 -1.30291 0)
(10.0044 5.72095 7.56526e-18)
(8.76685 0.130182 3.54285e-18)
(7.53602 -1.27656 -5.14438e-18)
(7.6586 -1.26821 5.53795e-18)
(8.82794 0.138014 1.55011e-18)
(4.82347 -0.816411 -3.79016e-18)
(9.15043 0.0133348 -4.40671e-17)
(9.08053 0.0110479 -1.02772e-16)
(7.46987 -1.2687 -4.54115e-18)
(9.07546 -0.00718137 7.74495e-17)
(7.59164 -0.925491 -2.79069e-18)
(9.07546 -0.038713 -4.82939e-17)
(9.83296 0.143003 3.78227e-17)
(9.71073 0.208818 -2.80897e-18)
(9.09545 -0.00861617 7.81245e-18)
(9.09933 0.0337019 1.23414e-16)
(7.19225 -1.24629 8.33613e-19)
(8.62678 0.184285 1.89254e-17)
(10.0258 0.270272 -5.79834e-17)
(9.20258 0.107547 -6.33002e-18)
(8.70518 -0.154282 5.80462e-18)
(6.19587 -0.10941 0)
(8.80108 -0.236697 0)
(8.78346 -0.201958 -3.38905e-18)
(9.60832 -1.42917 0)
(9.79523 -1.44738 0)
(7.70517 -1.26415 -4.80294e-18)
(6.66857 -1.17679 -5.85585e-18)
(11.2694 -1.42363 6.00006e-18)
(9.1474 -0.286337 2.61842e-17)
(9.12427 -0.348416 -1.8166e-17)
(10.5575 -1.43965 -6.64976e-18)
(8.92868 -1.23321 -1.05726e-17)
(9.99006 -0.578376 -4.68228e-18)
(6.87693 -1.22459 2.80086e-18)
(8.09553 -1.22903 -6.48297e-19)
(6.98842 -0.63502 -4.37033e-18)
(7.95462 0.717421 5.46092e-17)
(8.00009 0.420313 -6.17404e-18)
(6.81706 -0.711138 3.12044e-18)
(9.3224 0.0749649 1.01843e-17)
(6.87571 -0.656391 3.58543e-18)
(6.69755 -0.299783 -4.55792e-18)
(10.0775 6.05956 2.74085e-18)
(7.61829 -1.28958 0)
(6.93664 -1.20991 3.06122e-18)
(9.46774 -0.491405 -1.10146e-17)
(6.60554 -0.218799 -1.35436e-17)
(11.3044 3.25901 1.28648e-18)
(7.80219 -1.31997 -5.49719e-19)
(8.09112 -1.34483 0)
(8.50638 -1.34386 0)
(9.60584 0.0407091 -1.98765e-17)
(5.37613 3.87383 1.41553e-19)
(9.54249 -0.55508 0)
(9.66881 -0.534523 0)
(10.5392 -1.0929 4.21529e-18)
(7.26851 1.15799 2.41082e-17)
(9.9749 -0.706974 9.77825e-18)
(10.0945 -0.514183 9.87045e-18)
(8.43536 -1.40972 0)
(10.433 -0.958525 0)
(10.677 -0.49482 -1.25762e-17)
(10.3633 -1.04927 0)
(7.50366 -1.25815 1.12986e-18)
(6.57856 -1.12938 -5.98306e-18)
(13.5845 0.783427 -1.1108e-17)
(9.11123 -0.534059 3.2026e-19)
(6.16901 -0.956153 1.53035e-17)
(9.07461 -0.187525 0)
(9.82954 -0.0931636 -4.47956e-17)
(9.13399 -0.242073 0)
(10.2348 -0.0748911 -1.1997e-16)
(7.07615 -0.0536917 1.34037e-16)
(8.95745 -0.112798 3.67255e-17)
(8.95781 -0.0719289 -2.20842e-17)
(10.4032 -0.0356204 0)
(4.34986 -0.693443 -1.51576e-17)
(8.84677 0.0569062 2.12516e-17)
(8.20803 -0.82522 -4.50838e-18)
(6.73638 -1.29495 0)
(8.14117 -0.791091 -2.66908e-18)
(7.21595 -1.38522 8.37965e-19)
(7.38776 -1.11551 0)
(7.37858 -1.08408 2.70591e-18)
(7.431 -1.07813 -2.47121e-18)
(8.9458 2.28744 3.95141e-18)
(9.56503 2.78401 9.7543e-18)
(8.89175 -0.0811436 -4.5738e-17)
(9.03479 0.0921695 -4.9759e-17)
(8.50949 -0.914206 -5.46884e-18)
(8.02219 -1.18724 -5.84274e-19)
(8.34469 -0.387076 3.02158e-17)
(8.26882 -0.32551 0)
(10.1328 -0.410166 0)
(8.52498 -0.202253 -4.42762e-18)
(8.05334 -1.19016 1.15762e-18)
(8.49153 -0.126539 0)
(8.39711 -0.18366 0)
(8.44568 -0.100775 2.77111e-18)
(7.44887 -1.18409 -5.18931e-18)
(8.99214 0.108205 0)
(6.64256 -1.16708 7.56324e-18)
(9.01503 0.0879046 7.62122e-19)
(9.14735 1.77888 -4.31214e-18)
(7.86666 -1.3237 6.94157e-18)
(6.70079 -1.33241 -2.89169e-18)
(8.36981 -0.904383 0)
(8.51871 0.111376 -2.17661e-17)
(8.13534 -1.35418 0)
(9.41501 0.192299 -1.22117e-17)
(10.4266 -1.30503 1.52567e-18)
(9.29549 3.58371 -8.92235e-18)
(8.44115 -0.950266 0)
(9.07269 -0.158253 5.78871e-17)
(4.37949 -0.734242 0)
(9.82782 0.818869 9.03158e-18)
(8.31169 -1.00126 0)
(9.02976 0.0778936 0)
(8.04817 -1.3695 0)
(9.73722 -0.229046 9.25711e-18)
(8.13356 -1.30264 0)
(7.90743 -1.37603 0)
(9.14878 -0.0248541 -5.641e-19)
(8.1141 -1.07031 -2.84547e-18)
(9.06328 0.059847 -3.17529e-17)
(8.31197 -1.11329 -2.34699e-18)
(9.85465 -0.195028 0)
(5.39803 -1.32464 -1.23003e-18)
(8.18694 -1.07833 1.58459e-18)
(9.23324 0.247821 4.84008e-17)
(9.29325 -0.542015 2.55276e-17)
(7.23937 -1.24883 2.07063e-18)
(9.18643 0.0449451 0)
(8.13007 -1.33172 -5.43516e-18)
(8.34502 -0.477806 -8.78883e-18)
(8.58182 -0.0788791 2.26501e-17)
(8.1208 -1.33782 6.93733e-19)
(7.86364 -1.53183 1.56136e-18)
(7.27919 -0.907845 0)
(7.26335 -0.935381 0)
(6.16165 1.37067 -4.79208e-18)
(11.0982 2.50997 -3.80525e-17)
(11.5418 1.97401 3.51189e-17)
(8.81377 -1.36845 0)
(4.7443 0.543521 -2.26895e-17)
(11.953 1.66579 -6.01022e-18)
(8.89964 -0.0283982 1.82402e-17)
(10.5016 -1.34965 6.80749e-18)
(9.62095 0.179839 -6.93128e-18)
(8.82602 -0.0470362 7.95187e-18)
(6.09315 5.18768 -4.26394e-19)
(8.91127 -0.020643 -5.4408e-17)
(8.23601 -1.32142 -5.17033e-18)
(5.82883 -0.929345 0)
(9.3156 -1.38656 0)
(11.3637 -1.35018 -8.64975e-19)
(6.44692 -0.828911 1.25525e-17)
(6.4365 -0.903076 -1.2856e-17)
(15.4078 0.975637 0)
(10.4638 -1.3386 -5.26361e-19)
(7.93756 -1.35185 0)
(8.54937 -1.3908 0)
(10.0044 -1.46063 -6.60041e-18)
(9.24681 -1.44199 0)
(9.00823 -0.11773 2.84484e-17)
(10.3943 -1.46387 2.67397e-18)
(10.1932 -1.47147 0)
(9.0448 0.402687 0)
(7.51213 0.962412 -2.01019e-17)
(8.99452 0.0360767 -2.85483e-17)
(9.09298 0.382465 0)
(8.84346 -0.126989 1.05304e-18)
(8.81076 -0.15036 -3.18938e-18)
(7.83146 -1.25562 1.05383e-19)
(9.61917 -0.0182135 -7.83422e-17)
(8.10799 1.17405 6.30812e-18)
(10.105 0.050291 0)
(9.42157 -0.0391326 0)
(7.80658 -0.540536 -1.92691e-18)
(8.84097 -1.40674 3.55435e-18)
(6.93011 -0.376119 -9.43092e-19)
(7.31099 1.09523 -1.16588e-17)
(3.84367 -0.71627 0)
(8.06004 -1.27652 0)
(10.2544 2.5354 4.61858e-18)
(8.03573 -1.25754 1.37594e-18)
(8.85851 -0.0888112 4.41144e-17)
(8.00782 -1.27962 4.30551e-19)
(9.00306 0.0299748 -4.31061e-18)
(8.08612 -0.879643 2.11105e-18)
(10.4188 -0.81402 5.38771e-18)
(10.3309 -0.81756 -6.2497e-18)
(8.89435 0.0945023 -4.11799e-17)
(8.99027 0.144341 -8.5178e-18)
(11.3198 -0.521952 2.55622e-19)
(11.2965 -0.68502 0)
(10.133 -1.44569 0)
(9.54333 -1.29764 -7.11158e-18)
(7.69931 -1.55917 8.71534e-18)
(8.97141 0.00955079 0)
(8.50842 -0.0755598 2.25454e-17)
(9.94933 -1.24032 -5.33238e-18)
(6.53375 -0.954508 -6.50633e-18)
(8.5348 -0.0994209 -2.13968e-17)
(9.52218 -0.0485864 -5.67767e-17)
(8.93199 -0.067528 7.05468e-17)
(3.49703 -0.63314 0)
(6.3351 -1.10015 7.48043e-18)
(15.6308 2.36784 0)
(9.3761 -0.0411559 0)
(15.9672 1.57739 -8.60792e-18)
(15.4753 -0.721742 1.74464e-17)
(9.43455 0.00778477 -2.18749e-17)
(9.70633 -0.0611349 6.53836e-17)
(9.60751 -0.0050953 3.23949e-17)
(9.65095 -0.0399492 -1.83903e-17)
(9.52121 -1.48179 3.19657e-18)
(8.96016 -1.45917 -1.68828e-18)
(9.89972 -1.24988 2.69664e-18)
(8.14462 -1.0985 -1.00158e-18)
(8.13465 -1.1225 2.28758e-18)
(8.84776 -0.11455 2.07362e-17)
(8.98925 -0.101831 0)
(12.5707 3.82581 0)
(8.84873 -0.0985547 0)
(6.801 -1.54573 -4.97372e-19)
(7.50208 1.28922 -8.61119e-18)
(9.64014 0.146016 -3.39513e-17)
(9.22685 -1.43014 0)
(9.8925 -1.22762 0)
(10.2089 -1.15163 6.72287e-18)
(8.68655 -0.0557687 -1.07412e-17)
(8.83629 -0.0454755 1.72092e-18)
(9.00021 0.0355411 4.89394e-18)
(7.56824 -1.34203 0)
(8.93003 0.108399 -4.09637e-17)
(8.86295 -0.0111182 -4.04368e-18)
(5.21121 -0.874466 0)
(12.7665 5.64647 1.76913e-17)
(10.0094 -1.19338 0)
(8.7227 -1.40438 0)
(6.91541 -1.19383 -6.78429e-18)
(9.58792 -1.45977 0)
(6.57047 -1.10106 1.46385e-18)
(8.95106 0.127474 0)
(8.0318 -0.896502 2.73044e-18)
(8.0857 -0.836909 4.11103e-18)
(4.91908 -0.0584444 2.53721e-17)
(8.87061 -1.36133 -1.92155e-18)
(8.98605 -1.1864 0)
(8.32546 -1.51664 -1.02934e-17)
(14.2414 6.89981 0)
(7.65322 -1.21565 0)
(7.71124 -1.20053 -1.44235e-18)
(8.5019 -1.36992 0)
(7.73066 -1.14451 2.88649e-20)
(8.22486 -1.11009 -2.58535e-18)
(8.44493 -1.38305 -2.39766e-18)
(6.59761 -1.9138 2.16035e-18)
(8.57199 -1.39795 5.78076e-18)
(9.82571 -1.4329 0)
(9.80684 0.245495 3.01965e-17)
(9.90121 -0.00263284 2.82584e-17)
(9.22917 0.00820687 0)
(10.0671 0.0579021 1.40859e-16)
(7.05573 -1.28312 -3.34817e-18)
(7.30011 -1.29056 0)
(7.07087 -1.02451 1.47167e-18)
(9.0187 -0.0488764 0)
(9.80666 -1.41224 5.74575e-18)
(8.12965 -0.927534 -2.7541e-18)
(3.01381 2.00878 -1.11712e-18)
(10.0368 -0.0245029 -1.53534e-16)
(8.96989 0.153738 0)
(8.96194 0.156122 0)
(7.7102 -0.422114 -9.33266e-18)
(7.66417 -0.347774 1.9525e-18)
(14.1798 -0.40578 -7.13163e-18)
(9.64266 0.234585 -3.7811e-17)
(10.0047 0.447844 4.45254e-17)
(10.3165 0.413206 5.62543e-17)
(8.1773 -1.03976 1.38728e-18)
(8.85082 -0.00628551 -3.85237e-17)
(6.24159 -1.78988 3.31763e-18)
(8.18884 -1.3556 0)
(5.14101 -2.77788 0)
(7.2617 0.625836 -3.71839e-18)
(7.73319 0.862971 -1.66264e-18)
(8.7877 0.0392486 1.16709e-17)
(10.1024 0.025597 -2.81135e-17)
(7.5575 0.820984 1.42071e-17)
(5.28667 -1.61531 3.6569e-18)
(8.94052 0.0673398 -4.93348e-17)
(8.9366 1.39499 -1.07394e-17)
(8.53709 -1.23457 1.07512e-18)
(7.72995 -0.403549 2.37782e-19)
(8.21216 -1.31285 0)
(6.25002 -0.997052 0)
(7.35002 -1.27113 0)
(4.85698 -0.799887 0)
(9.1955 -0.0205199 4.73022e-17)
(7.67649 -1.11837 -1.48321e-18)
(7.71628 -1.11642 0)
(9.10632 -0.0336697 -2.00463e-17)
(9.1637 -0.0611813 -1.21937e-17)
(8.93493 0.204424 -2.72313e-18)
(7.35408 -0.887705 4.55832e-18)
(9.91928 -1.17013 4.31392e-18)
(9.84877 -1.19804 -3.34377e-19)
(9.57347 0.84468 4.98143e-18)
(8.92971 0.166478 1.32067e-19)
(10.3868 0.280638 -1.18288e-17)
(8.8595 -0.0320604 2.89013e-17)
(8.8543 -0.0292003 0)
(8.188 -0.94636 1.82158e-18)
(7.78745 -1.26775 3.47447e-18)
(7.77735 -1.21307 -3.73683e-18)
(9.48022 -0.0234459 -1.97174e-18)
(8.21323 -1.00595 -2.28329e-18)
(8.42757 -1.3502 -3.17219e-20)
(8.34163 -1.4578 0)
(9.42 0.0544959 0)
(7.08188 -0.903969 -2.34926e-18)
(8.9578 0.0980496 1.3573e-17)
(7.15893 -0.847761 -4.02118e-18)
(7.05259 -0.884236 -2.22451e-18)
(5.38779 -0.986843 0)
(7.08456 -0.862204 5.8291e-18)
(8.88671 -0.0411541 0)
(8.86521 -0.0283936 1.30977e-17)
(9.40585 0.258905 -1.4435e-17)
(10.3212 0.503324 4.67157e-17)
(9.40526 0.897521 -2.24322e-17)
(8.85815 -0.081426 -4.95292e-17)
(8.8564 -0.0522473 -1.7102e-17)
(5.77921 1.10634 2.01946e-17)
(8.84806 -0.077822 -1.46865e-18)
(8.8531 -0.0658809 1.70985e-17)
(9.37547 1.11773 1.26895e-17)
(5.38263 1.39794 -8.36225e-19)
(7.50423 -0.875207 -9.02767e-19)
(7.53948 -0.828779 -7.2833e-19)
(9.30311 -1.35624 0)
(9.05875 5.79612 0)
(6.94647 4.04458 1.36557e-18)
(5.79433 -1.10695 1.40992e-18)
(9.77893 -0.629913 3.64466e-18)
(3.89272 -0.680354 3.62131e-18)
(10.0625 -1.47356 0)
(8.44013 -0.317748 -1.23372e-17)
(8.92493 0.305924 -4.15251e-18)
(9.76393 -1.41734 0)
(9.30228 -1.36117 8.68743e-19)
(8.06714 -1.12702 1.09125e-18)
(8.02753 -1.14108 -2.50176e-18)
(8.0459 -1.06641 -3.15639e-18)
(8.08 -1.08251 2.84725e-18)
(7.99994 -0.670745 -1.35075e-17)
(5.99498 -0.437182 8.6902e-18)
(6.95274 -0.854392 0)
(7.98595 -0.80149 2.2447e-18)
(8.04481 -0.715872 3.19865e-18)
(10.3129 -0.0229662 8.00909e-17)
(8.77498 0.0172035 9.47588e-18)
(8.70995 -0.0025926 0)
(6.66665 -0.816408 9.74529e-19)
(5.35381 -0.900182 3.2992e-18)
(3.73398 -0.746336 3.16223e-18)
(8.35712 -1.05248 1.34485e-18)
(14.3782 -0.437645 2.02117e-17)
(7.3951 -0.641405 0)
(4.22936 -0.74494 -1.9741e-18)
(11.2653 -1.42874 -7.2389e-18)
(10.6461 -1.4641 3.51267e-18)
(8.03261 -0.787978 -2.21547e-18)
(3.78115 -0.461848 -1.42643e-18)
(8.91765 -0.328079 1.36645e-17)
(10.2736 -0.0594585 -8.64243e-17)
(9.68954 -0.351452 3.87123e-17)
(9.06236 0.217112 -8.7607e-19)
(6.86416 -0.748954 3.09814e-18)
(3.89445 -0.511517 -1.31708e-18)
(6.93213 -0.985201 1.59812e-19)
(9.94377 -0.0159444 1.2146e-17)
(9.97366 -0.0279525 -1.22342e-17)
(6.01319 0.0642548 -8.92064e-19)
(7.4402 -0.0271152 1.35785e-19)
(6.96049 -0.734118 -2.62436e-18)
(6.78174 -0.809208 0)
(8.09885 -1.42331 -5.4246e-18)
(7.40098 -1.15768 3.4868e-18)
(8.14592 -0.224694 -2.80994e-18)
(6.68905 -1.16578 -6.23273e-20)
(6.38308 -1.12611 -2.25878e-18)
(7.47736 -1.26553 2.97775e-18)
(7.15838 -1.24509 2.04603e-18)
(7.26262 -0.846767 3.41926e-18)
(7.23296 -0.826104 1.75728e-18)
(8.78991 -1.28518 1.89892e-18)
(7.71271 -1.30888 0)
(6.46845 -1.03207 0)
(9.73607 -0.409467 6.94447e-18)
(9.23156 -1.44745 -1.09941e-17)
(8.49021 0.171116 -2.29821e-18)
(8.15531 -1.14839 0)
(7.1184 -1.50886 2.55478e-18)
(10.8876 -1.25693 0)
(9.44212 -0.0179511 7.29095e-17)
(8.37475 -0.992984 0)
(8.23018 -0.89992 -2.70472e-18)
(6.76601 -1.48593 -1.05507e-17)
(7.45307 -0.66566 3.50072e-18)
(9.16484 0.354506 0)
(4.44077 -0.851813 -9.9741e-18)
(10.252 0.250696 1.11293e-16)
(10.3228 0.140069 -1.0163e-16)
(5.95158 -1.04452 -2.55555e-18)
(6.02951 -0.58724 -5.76952e-18)
(9.07303 0.0592524 5.51105e-17)
(8.80658 0.0615997 -7.75587e-18)
(8.86374 0.019385 7.43026e-18)
(8.79813 0.0229612 1.76279e-18)
(8.74813 0.0682951 -1.81618e-18)
(7.90158 -1.29618 -1.59057e-18)
(8.52767 0.0241909 -8.18483e-18)
(9.42071 -0.0260907 -1.21402e-17)
(6.46456 0.0162868 1.51699e-17)
(8.54647 -0.0110012 1.10634e-17)
(6.8151 -1.17853 1.47515e-17)
(5.3886 -0.993846 3.81962e-20)
(8.54708 -0.064674 -1.33523e-17)
(9.87024 -0.411828 -1.1712e-17)
(9.08691 0.0361173 0)
(9.07182 0.0329995 5.72696e-17)
(10.4999 -0.0687164 0)
(10.3215 -0.169591 0)
(7.29849 -1.24755 -1.56836e-18)
(7.14018 -1.21387 2.92583e-18)
(5.50242 -1.39942 0)
(9.96453 -1.47211 2.36077e-18)
(6.41049 -1.11115 0)
(6.30792 -1.0955 3.57227e-18)
(5.1128 -0.607602 -1.21633e-17)
(4.53355 -0.775323 -1.69571e-17)
(8.86835 0.0389583 -2.14243e-17)
(8.92979 0.039516 1.45306e-17)
(7.01435 -0.948128 -7.7884e-19)
(10.139 -1.42195 3.98926e-18)
(7.38037 -0.848761 -5.39055e-18)
(3.79761 -0.647611 2.10084e-19)
(5.03661 -0.65097 8.88846e-18)
(5.80664 -0.556698 0)
(13.2679 2.89485 -2.57403e-17)
(3.26753 -0.576651 0)
(8.84214 -0.434238 9.70306e-18)
(8.33522 -0.377373 5.9825e-18)
(6.30735 -0.826809 -7.38248e-18)
(7.02535 -1.2083 0)
(7.14591 -1.21637 2.39661e-18)
(7.13247 0.29084 2.15349e-17)
(6.42515 -0.58411 -1.34344e-17)
(7.30941 -0.0904209 -1.31727e-17)
(8.01043 -0.58365 5.17201e-18)
(8.41375 -1.08277 4.94857e-18)
(7.53053 -1.27516 0)
(8.1281 -1.35344 0)
(8.04348 -1.3363 0)
(10.3627 -1.09521 -2.99144e-18)
(6.75103 -1.19035 1.78755e-18)
(6.28766 -1.0689 0)
(5.53466 -1.13516 -1.16442e-18)
(10.2965 -0.985088 0)
(9.3043 0.141298 1.06278e-16)
(8.6774 -0.757005 0)
(10.3551 -0.0032738 9.23975e-17)
(7.64605 -1.29412 -3.78863e-18)
(14.3418 -1.18571 6.32671e-18)
(8.64485 -0.517788 -1.7854e-18)
(8.79322 -0.594863 1.97314e-18)
(6.56707 -1.0794 -5.91106e-21)
(9.25902 0.763879 0)
(7.24047 -1.20422 -1.79444e-18)
(9.29182 0.624887 -5.31604e-18)
(8.3909 0.554697 0)
(7.84171 -1.21188 6.0473e-19)
(7.39868 -1.24617 4.73587e-18)
(10.6738 -1.40665 1.44239e-19)
(6.98724 0.144925 -1.02476e-17)
(8.29104 0.483737 5.15236e-18)
(5.15809 -0.306009 3.03085e-17)
(5.51112 -0.290915 -2.20147e-17)
(9.26924 0.0860433 -6.30567e-17)
(9.18441 0.0583787 0)
(8.15363 0.39053 0)
(7.13857 -1.22454 -4.09475e-18)
(10.6846 0.320809 0)
(6.63384 -1.1339 0)
(7.96657 -1.31842 3.73954e-18)
(9.50836 -1.42821 0)
(10.003 -0.0449972 1.21523e-20)
(9.59252 0.00350864 -3.38201e-17)
(4.27743 -0.673518 1.97334e-18)
(8.00032 -1.22716 7.14331e-19)
(9.52594 -1.4313 -4.75613e-18)
(6.7139 0.450976 0)
(8.006 -1.16596 0)
(6.10661 -1.03702 9.3358e-19)
(9.36849 -1.43662 3.13411e-18)
(8.23501 -0.253361 1.33244e-17)
(8.31233 -1.36541 -3.69701e-18)
(8.31025 -0.15519 -1.10116e-17)
(8.00181 -1.31369 1.8348e-18)
(6.31256 0.52081 4.77146e-18)
(7.9151 -1.24773 2.73794e-18)
(9.41704 -1.34459 -1.84175e-18)
(7.31194 -1.16043 -4.22143e-18)
(9.13315 0.127968 3.26226e-17)
(7.93341 -0.865669 2.95764e-18)
(9.14807 -0.0366115 3.41547e-17)
(9.12513 0.0875879 -5.05346e-17)
(9.02743 -0.0289514 -4.96411e-17)
(6.13584 -1.0815 -4.82328e-19)
(9.31235 -1.38491 5.95119e-18)
(7.97249 -1.23601 -1.41459e-18)
(10.543 -0.516994 1.12936e-17)
(7.93569 -1.20492 -1.50834e-18)
(7.9623 -1.17519 0)
(10.7492 0.512782 0)
(11.06 0.594419 -1.24911e-17)
(8.18888 -1.30058 0)
(7.8085 -1.32416 -2.44036e-18)
(8.36004 -1.35264 0)
(9.37203 -1.34271 3.62095e-18)
(6.43383 -1.06058 9.03588e-19)
(7.36489 0.278482 1.67047e-17)
(5.62306 -1.0214 0)
(4.27291 -0.726702 0)
(8.49675 -1.41109 0)
(8.0844 -1.46133 -6.07638e-19)
(9.03582 0.285264 4.37592e-18)
(9.03117 0.238738 -3.49635e-17)
(8.92876 0.111256 0)
(9.06926 0.139578 -3.76977e-17)
(8.92246 0.122053 -1.33941e-17)
(7.9753 -1.34971 -7.04689e-19)
(7.53268 -1.27883 5.77136e-18)
(8.18144 -1.33651 1.35998e-18)
(6.66969 -1.16846 2.7493e-18)
(9.59658 -0.0678981 6.99349e-17)
(6.84133 -1.14816 -4.17511e-18)
(9.85168 -0.0322379 0)
(6.60998 -1.125 -1.32349e-18)
(5.57082 -0.481086 -9.61612e-18)
(3.8936 -0.661535 -3.47583e-18)
(5.80356 -0.539888 9.6246e-18)
(6.7892 -1.20867 -3.31445e-18)
(3.68621 -0.608115 0)
(6.97672 -1.20138 0)
(5.96451 -0.919534 -1.14221e-17)
(4.64963 -0.479094 1.37624e-17)
(7.37361 -1.25456 1.06499e-17)
(8.69265 -0.473734 6.60717e-18)
(8.14604 -0.642135 -7.5288e-18)
(8.10782 -0.718456 -3.51301e-18)
(7.30527 -0.453535 -4.68422e-18)
(7.25213 -0.415482 -3.67399e-18)
(8.1799 0.00376293 -3.11287e-17)
(8.1406 0.120254 -7.78702e-18)
(11.1624 -1.41058 -3.19596e-18)
(7.39896 -1.28438 -3.5939e-19)
(11.3753 -1.33624 0)
(7.16775 -0.45986 -5.10726e-18)
(9.01779 0.0803288 0)
(8.75074 -0.430835 -1.47008e-17)
(11.4357 -1.36276 6.09122e-18)
(3.54473 -0.662827 5.17812e-18)
(8.77891 -1.40695 -2.50059e-18)
(9.26418 0.0677407 -1.01625e-17)
(7.87488 -1.28998 4.68538e-19)
(7.73051 -1.26238 0)
(8.75655 -0.602687 8.31083e-18)
(8.86724 0.21538 0)
(6.13216 -1.00719 -1.42257e-18)
(3.88662 -0.654458 7.41402e-18)
(5.98448 -1.03944 7.97121e-19)
(10.4643 0.719542 -1.92322e-17)
(4.82947 -0.840604 0)
(8.93804 -0.043984 -3.2087e-17)
(8.93374 0.354283 -6.45072e-19)
(9.68442 -1.15522 0)
(9.01427 -0.0549651 4.41383e-18)
(9.0754 -0.0534078 -2.30283e-17)
(5.70227 -1.01025 3.55008e-18)
(3.11018 -0.610577 4.40141e-18)
(9.67971 -1.09133 -7.82037e-18)
(8.12232 -1.17479 2.4667e-18)
(7.50578 -0.506929 -3.41664e-18)
(11.6277 -0.764947 -3.93347e-18)
(7.11218 -1.21842 2.75963e-18)
(8.58576 2.23762 -1.10981e-17)
(9.03992 0.00973882 2.67671e-17)
(4.95722 -0.898134 1.77776e-18)
(7.84195 3.04383 -5.92797e-19)
(10.1155 -1.16119 1.72364e-18)
(10.178 1.85834 -8.20595e-18)
(10.142 -1.17475 2.50044e-18)
(9.52108 -1.41183 0)
(7.43138 -1.24717 -1.83817e-18)
(8.42683 -1.24529 0)
(11.6514 -1.39588 6.62422e-18)
(10.353 -1.42417 4.55332e-18)
(11.0393 -1.48038 1.38406e-18)
(8.41914 -1.14348 2.33241e-18)
(7.51731 -0.798498 1.43321e-18)
(7.5221 -0.756425 0)
(9.08839 0.255828 8.25456e-18)
(7.46159 -0.807339 0)
(9.87123 -0.872276 0)
(10.3429 -1.32641 0)
(8.77454 0.181968 -1.11246e-17)
(7.85846 -1.10718 0)
(8.9605 -1.40029 7.67274e-19)
(7.81491 -1.11175 -2.23961e-20)
(7.79157 -1.16164 3.82073e-20)
(9.31406 0.0120834 0)
(9.48141 -1.44523 0)
(7.75971 -1.19485 -4.72878e-19)
(6.81592 -0.470166 5.01647e-18)
(6.89144 -0.110819 -1.80998e-18)
(9.0227 0.00401686 -5.13943e-18)
(7.7811 -1.14131 8.56338e-20)
(10.264 -0.37634 -1.3564e-17)
(9.80333 -1.36389 -6.44278e-18)
(8.4048 -0.53662 4.37932e-18)
(8.88038 -1.3762 0)
(8.87379 0.0236665 2.27134e-17)
(8.88083 0.0245803 2.72843e-17)
(8.95744 0.0268454 1.55292e-17)
(8.76701 -0.285653 -7.66565e-20)
(7.72404 -1.29061 2.16923e-18)
(8.45846 -1.18682 0)
(8.48568 -0.531545 0)
(10.7821 -1.12758 -1.27548e-19)
(7.49446 -1.25733 1.86648e-18)
(10.7415 -1.18173 3.91418e-18)
(7.71344 -0.96559 2.70958e-18)
(3.71472 -0.59889 0)
(7.79851 -0.923893 2.60763e-19)
(6.91409 -0.82148 0)
(7.79455 -0.821255 -1.62636e-18)
(10.4146 -1.44243 -4.1779e-18)
(7.76671 -0.770232 -3.90214e-18)
(7.75786 -0.858226 1.09644e-18)
(9.5925 -0.00205699 0)
(9.49691 -1.41073 0)
(8.58527 -0.737006 3.27071e-18)
(7.8931 -0.996468 0)
(7.06555 -1.16712 0)
(10.0699 -1.04761 -6.4625e-18)
(8.85361 -0.10183 9.92851e-18)
(8.77548 -1.38048 0)
(7.88775 -1.06952 2.47519e-18)
(8.69142 -1.37089 1.39868e-18)
(7.5659 -0.724932 0)
(9.03358 -1.37782 0)
(7.87121 -1.03845 6.62669e-20)
(8.26008 -1.33514 0)
(6.20553 -1.14434 1.6641e-18)
(7.03702 -0.558009 0)
(9.0013 -1.37385 0)
(7.83808 -1.30122 1.27197e-19)
(6.98107 -0.509106 -2.06184e-18)
(7.67003 -0.853922 0)
(7.95681 -1.14955 0)
(7.61884 -0.825681 0)
(7.14287 0.45329 -1.10102e-17)
(9.22966 -0.114104 0)
(8.551 -1.37416 -1.63899e-18)
(5.71054 -1.03444 0)
(6.00724 -1.06468 -3.43184e-18)
(9.57407 0.0160118 0)
(8.3001 -1.33987 -2.40173e-18)
(9.06997 -1.35723 -9.07828e-19)
(8.19447 -1.26475 0)
(8.2293 -0.665067 0)
(9.31269 -0.116372 0)
(9.12071 -1.42106 -1.41315e-18)
(6.06582 -0.0672546 -4.17536e-18)
(7.94318 -1.32948 -1.87257e-18)
(7.16251 -1.20877 0)
(8.86075 -0.0777454 1.72135e-17)
(8.80584 -0.0118608 3.23722e-17)
(8.96915 0.153022 0)
(8.80792 -0.0725414 -1.72268e-17)
(7.82834 -1.15991 1.67564e-18)
(7.1126 -1.22515 0)
(7.86515 -1.13638 8.9474e-20)
(9.07194 -1.50603 -4.46962e-18)
(9.25269 -0.230005 4.82959e-18)
(5.23844 0.897962 7.09023e-18)
(8.89013 -0.0331992 -4.67264e-18)
(9.009 0.215199 2.17465e-17)
(7.58621 -1.10427 -4.33808e-20)
(9.0086 0.149524 0)
(7.22579 -1.25948 -2.83659e-18)
(9.15955 -0.241191 -2.65281e-17)
(8.06054 -1.22069 6.34824e-19)
(7.67452 -0.896788 0)
(10.1539 -1.37002 3.30529e-18)
(4.11825 -0.675606 -1.8736e-17)
(4.14699 2.05276 0)
(7.75858 -1.08545 -1.76138e-18)
(7.5617 -1.26231 0)
(7.83119 -1.04818 -2.45347e-18)
(9.014 0.173896 0)
(5.67767 1.75105 -2.34393e-17)
(8.43883 -1.3824 2.80348e-18)
(3.05289 2.34688 6.95093e-18)
(7.80309 -1.08222 1.68329e-18)
(8.96436 -0.197428 0)
(5.79067 -1.1008 0)
(6.97471 0.53518 -6.92278e-18)
(6.92279 0.772922 7.84784e-19)
(9.26627 -1.38715 -3.08826e-18)
(7.55722 -0.358162 0)
(7.73092 -1.23058 -1.82618e-18)
(8.67872 -1.40558 0)
(11.2654 -1.39352 -6.2808e-18)
(6.69712 -1.15912 7.83878e-19)
(7.67388 -0.988604 0)
(7.59364 -1.03791 9.57946e-19)
(9.78974 0.0137248 1.56416e-17)
(9.57486 -1.24582 2.03837e-20)
(7.02922 -0.679608 0)
(6.22054 1.86963 3.90332e-18)
(5.64396 2.26353 -2.11507e-17)
(6.62654 -1.13484 0)
(6.27407 -0.0784677 1.69278e-19)
(7.97765 -1.30765 0)
(6.92564 -1.18659 -8.98877e-19)
(5.19613 -0.907011 0)
(6.6784 0.0153193 0)
(10.5 -1.38074 1.06472e-18)
(7.3913 -1.27459 -2.09283e-18)
(8.94448 -0.0693162 2.15763e-17)
(8.91208 -0.0672818 -6.79635e-18)
(10.1286 -1.44976 -3.73729e-18)
(6.98609 -1.22249 0)
(8.22127 -1.38157 -1.43631e-18)
(10.2489 -1.42707 3.62544e-18)
(10.0287 -0.0310159 -8.49875e-18)
(10.0623 -1.41151 -6.11251e-18)
(8.16895 -1.24789 0)
(10.5447 -1.38515 3.39873e-18)
(3.43902 -0.681287 0)
(8.75513 0.437568 -3.17827e-18)
(3.90518 -0.737839 8.36138e-18)
(8.9157 -0.385306 -2.17548e-18)
(7.70776 -1.32903 0)
(8.21781 0.218977 0)
(12.6679 -1.30326 7.29927e-19)
(7.33635 -1.13742 -1.38333e-18)
(6.17134 -1.05013 0)
(3.59531 -0.63897 0)
(8.76093 -0.324077 -5.1294e-18)
(8.85659 -0.337716 3.31934e-18)
(7.63325 -0.929594 4.68612e-20)
(6.16121 -1.08548 0)
(9.50899 -1.54775 0)
(8.15578 -1.35485 0)
(3.91702 -0.684055 1.53943e-18)
(6.71666 -1.1767 -4.27308e-18)
(6.03205 -1.02671 0)
(5.68156 -0.987962 -3.12648e-18)
(7.26607 -1.25925 3.09092e-18)
(14.7708 2.66166 -2.12777e-17)
(6.70723 -1.14408 -3.84798e-18)
(7.03047 -1.22755 -3.36209e-18)
(8.87004 -0.0634729 4.16534e-17)
(8.88114 -0.0538276 -3.15343e-17)
(3.29671 -0.572637 -4.02926e-18)
(8.85912 -0.0392975 -3.41705e-17)
(9.15814 -0.0958881 0)
(8.96315 -0.00103983 -1.30309e-17)
(7.03286 -0.847887 0)
(5.83652 -1.14443 3.07318e-18)
(7.91836 -1.33446 1.93231e-18)
(7.09394 -0.798527 2.44548e-18)
(8.88783 -1.3513 2.2546e-18)
(8.94598 -0.0810449 1.30593e-17)
(9.78277 -1.34541 -7.14661e-18)
(9.2265 -0.0318625 0)
(9.48466 -1.28588 -3.6603e-18)
(7.5488 -1.06406 -5.30648e-18)
(7.17462 -1.04331 -4.23205e-18)
(5.18267 -0.970749 0)
(7.44196 -0.838302 3.0611e-18)
(7.34513 -0.687567 -6.51917e-18)
(7.12452 -0.664085 3.84418e-18)
(11.5125 -1.13107 -1.02615e-17)
(11.4075 -1.20901 0)
(11.3103 -1.18093 -5.74803e-18)
(7.19964 -1.23285 -1.88868e-19)
(3.91647 -0.65197 0)
(7.73765 -1.03266 -2.59299e-18)
(9.86208 -1.01567 1.22672e-17)
(7.82306 -0.986494 2.25525e-18)
(9.29817 -1.40791 0)
(10.6649 -1.33162 3.63602e-18)
(7.5002 -1.2677 1.78605e-18)
(12.631 0.473362 2.49453e-17)
(9.02433 0.101365 -2.9679e-17)
(3.59049 -0.644954 1.09104e-17)
(5.11908 -0.857964 0)
(6.04659 -1.0469 2.76014e-18)
(9.04398 0.0685883 -1.88611e-17)
(8.2854 -1.34395 0)
(7.51162 -1.05575 2.24519e-18)
(3.23034 -0.494597 8.32778e-19)
(8.26523 -1.31081 -1.67844e-18)
(5.13417 -0.895657 0)
(7.1874 -0.591836 -1.5227e-18)
(5.02016 -0.920663 4.69758e-19)
(9.46564 -1.3688 -1.99515e-18)
(9.39084 -1.37062 -3.69136e-18)
(10.2048 -0.752169 4.90362e-18)
(9.09652 -1.41395 1.50697e-18)
(6.32115 -1.00266 -1.51237e-17)
(3.38188 -0.639609 1.85577e-18)
(6.70023 -0.475176 -4.87902e-18)
(7.82242 -1.29554 0)
(10.3889 -0.195054 -1.00191e-17)
(7.22185 -0.758724 -2.12098e-18)
(7.67311 -1.08043 1.97302e-18)
(7.69506 -1.05369 1.57078e-18)
(6.50476 -1.105 0)
(6.61339 2.77538 -1.4118e-17)
(7.62607 -1.08659 0)
(6.1393 0.608022 -6.76613e-18)
(8.93775 -0.732177 3.81952e-18)
(3.54025 -0.625222 3.07443e-18)
(8.04257 -1.39468 4.8395e-19)
(9.64527 -1.38048 2.48797e-18)
(5.35907 -0.939594 -7.22846e-18)
(6.30105 -1.04853 0)
(6.84347 0.169279 0)
(8.51526 -0.545105 -2.75822e-18)
(5.30777 -0.873201 -1.44044e-17)
(12.0314 -1.08438 0)
(8.58585 -1.38417 4.0492e-18)
(8.691 0.195023 -1.73249e-18)
(8.71874 -1.43842 2.50184e-18)
(8.87509 -1.43845 -3.25375e-18)
(6.86231 -0.534272 -2.49989e-18)
(10.4683 -1.46478 -2.72214e-18)
(6.8981 -0.978799 2.41641e-18)
(8.1608 -1.34418 0)
(7.01452 -0.418481 4.02449e-18)
(7.63478 -1.14862 7.69198e-18)
(12.0166 0.45503 5.08807e-18)
(7.76677 -1.31565 -2.31619e-18)
(8.44927 -1.36512 3.82319e-18)
(7.54826 -1.00064 4.78276e-19)
(5.72388 0.538197 1.55356e-18)
(7.22101 -0.71514 0)
(3.28969 -0.743477 4.97329e-18)
(10.829 -0.618861 9.35813e-18)
(7.93424 -1.09398 -1.24992e-18)
(10.0472 -0.0616883 0)
(7.97048 -1.08417 1.18852e-18)
(7.92326 -1.06563 -1.19677e-18)
(10.1214 -0.168291 0)
(9.43461 -0.0656239 -4.60957e-17)
(10.7183 -0.629972 -7.97226e-18)
(8.31102 -1.37418 2.93213e-18)
(3.82014 -0.600654 -6.81331e-18)
(8.86144 -0.119438 0)
(8.84974 -0.111504 0)
(8.86587 -0.107477 -2.68386e-17)
(4.02355 -0.715455 7.58803e-18)
(7.2049 -1.00264 4.6422e-18)
(7.18449 -0.977324 -3.45804e-19)
(6.95676 -0.909531 -3.25881e-18)
(9.88043 -0.780101 -9.96878e-18)
(10.7662 -0.814551 -2.68466e-18)
(5.18378 -0.869106 -4.9206e-18)
(8.7094 0.165975 0)
(6.90338 -0.899598 -3.20086e-18)
(3.60096 -0.583308 4.0101e-18)
(7.26798 -1.05893 -1.11727e-18)
(7.47445 -1.11699 -2.55882e-18)
(10.7537 -0.342135 -1.34758e-17)
(9.61123 -1.29642 -5.70591e-18)
(6.98736 -0.769825 0)
(7.44784 -1.1571 -4.41186e-18)
(8.91513 -0.0171966 0)
(8.38168 -1.34526 0)
(9.53586 -1.30925 5.70448e-18)
(8.49662 -1.28408 0)
(8.08432 -1.1718 0)
(8.21529 -1.33307 -1.96264e-18)
(8.09277 -1.13977 -9.82334e-19)
(10.9807 -1.30089 3.74232e-18)
(5.65349 -1.04434 0)
(5.7387 0.0366964 -1.39799e-17)
(8.7988 -0.335622 1.55274e-19)
(6.76143 -1.01194 0)
(6.68676 -0.738602 -2.91582e-18)
(9.13631 -1.36937 7.86635e-19)
(4.34118 -0.667336 -3.32229e-18)
(9.9558 -1.38074 4.36896e-18)
(7.99836 -1.10034 -2.19313e-18)
(7.99485 -1.12222 2.53154e-18)
(8.06402 -1.31802 1.95387e-18)
(9.96136 -1.38902 -2.30417e-18)
(9.36376 -1.1935 0)
(8.45806 -1.04803 -2.67297e-18)
(8.3367 -1.34812 -3.56969e-19)
(7.57675 -0.850746 0)
(10.0925 -0.972363 5.93192e-18)
(9.81208 -1.31433 3.43395e-18)
(3.56687 -0.620046 0)
(10.8956 -1.35823 -2.78269e-19)
(7.51912 -0.906487 1.80626e-18)
(9.89948 -0.0772653 -1.99619e-17)
(9.43863 -1.46595 0)
(8.11194 -0.103088 2.1753e-17)
(7.9736 -0.103229 3.85641e-20)
(7.93801 -0.225715 1.08601e-17)
(5.91979 0.103269 -1.25379e-16)
(7.89438 -1.21876 1.53561e-18)
(10.0962 -0.271756 5.75307e-19)
(9.16861 -0.145757 7.23598e-17)
(4.05033 -0.579013 2.50322e-18)
(7.57289 -0.891733 -1.52427e-18)
(6.56622 -1.10528 3.94152e-18)
(7.34592 -0.994849 1.1302e-18)
(4.22948 -0.684597 3.09141e-18)
(7.22535 -1.22899 -8.95286e-19)
(7.70635 -1.18684 1.08582e-18)
(8.99021 0.0669667 7.37444e-18)
(7.70658 -1.25765 1.23099e-18)
(10.3657 -1.50178 0)
(7.14904 -1.17178 9.28576e-18)
(7.55368 -0.64418 3.87941e-18)
(12.2004 -0.469334 -1.06536e-17)
(7.75143 -1.20201 0)
(6.46061 -1.10082 -4.27569e-18)
(7.40085 -0.925812 0)
(11.4525 -0.643632 -2.63785e-18)
(10.1841 -0.0700153 0)
(7.66797 -0.660556 -1.25183e-17)
(7.41057 -0.897915 0)
(7.44132 -0.940287 0)
(7.27639 -0.776145 2.16669e-18)
(12.1036 0.801621 0)
(7.46304 -0.875927 -1.02461e-18)
(11.4348 -0.312982 -2.36778e-17)
(8.51147 -0.276524 5.54965e-18)
(11.5662 -0.230486 1.67902e-17)
(8.4398 -0.273186 7.09776e-18)
(11.8201 1.17311 8.43216e-18)
(7.52976 -1.27478 0)
(9.07122 -1.42611 1.84933e-18)
(8.41856 -1.36863 0)
(6.60522 -0.713899 6.11762e-18)
(9.15926 -1.44588 -4.05769e-18)
(8.14434 -1.32675 -9.09451e-19)
(12.4526 0.989641 -1.3531e-17)
(9.31873 -1.29932 0)
(8.99658 0.36053 4.57619e-18)
(5.13786 -1.22977 0)
(10.3371 -0.452105 1.7146e-17)
(10.5401 -1.47613 1.16804e-18)
(7.16429 -1.11772 5.39528e-18)
(10.7232 -1.42806 0)
(7.84123 -0.712364 -8.16654e-18)
(11.391 -1.43954 -1.64214e-19)
(10.499 -0.283329 -4.56072e-18)
(3.87217 -0.747073 -1.65262e-18)
(7.9361 -0.758968 -2.3067e-18)
(10.0531 -1.19554 -8.14096e-18)
(7.87703 -0.772105 -2.74977e-18)
(10.6689 -0.056778 -9.21711e-18)
(11.5108 -0.761176 4.66581e-18)
(11.6981 -0.372943 -1.69609e-17)
(8.62559 -1.40546 2.42621e-18)
(10.7788 -0.911932 3.62113e-18)
(10.6937 -0.991271 0)
(10.5406 0.202391 0)
(10.1743 -1.43957 0)
(10.3049 -1.40656 -3.76882e-18)
(7.10171 -1.22018 0)
(9.42293 -1.43924 1.2543e-18)
(10.2182 -1.39333 0)
(9.42459 -1.44455 -3.80226e-18)
(9.32721 0.0333505 3.86413e-19)
(5.14209 -0.739241 2.83091e-19)
(3.79019 -0.615498 8.34511e-18)
(6.53517 -1.05081 1.40209e-17)
(13.2178 -0.697523 -3.26342e-18)
(10.1597 -1.10443 -6.56715e-18)
(6.5538 -1.13287 -2.06178e-18)
(8.95598 -0.372892 -1.83459e-17)
(6.37699 -1.09579 -3.82684e-18)
(12.9501 -0.394469 -1.07298e-17)
(5.50875 -0.972585 -1.43592e-20)
(7.29307 -1.1763 -4.81778e-18)
(9.03996 -0.277396 -1.24262e-17)
(9.26951 -1.4171 0)
(3.76596 -0.601455 1.03903e-17)
(9.6768 -1.44595 -2.22107e-18)
(6.66714 -1.13194 -3.06359e-18)
(9.31986 -1.26387 3.72266e-18)
(7.87229 -1.32569 0)
(12.3124 -0.699088 1.09413e-17)
(6.99124 -1.14411 0)
(5.60571 -0.802012 9.1731e-18)
(3.29248 -0.602553 0)
(8.22813 -1.2513 0)
(7.44458 -1.26724 0)
(3.17809 -0.587042 -6.35599e-18)
(4.41353 -0.424076 -1.67354e-17)
(7.84265 -1.30957 0)
(7.71054 -1.31016 2.32669e-18)
(9.04286 0.0928286 8.18539e-17)
(9.01462 0.119265 0)
(9.05115 0.11945 -1.71452e-17)
(13.0209 0.409479 8.52199e-19)
(5.13483 -1.0843 -3.68722e-18)
(6.94197 -1.19188 -1.10727e-18)
(8.44651 -1.36921 0)
(5.16191 -1.00544 -8.03815e-18)
(9.5954 -1.2139 0)
(9.50724 -1.23135 0)
(6.92086 -1.16769 -1.46642e-18)
(7.85516 -1.3176 -2.15516e-18)
(10.2545 -0.901528 0)
(8.49071 -1.41343 0)
(8.88081 -1.43317 0)
(9.40354 -1.28306 0)
(9.32621 -1.30063 0)
(8.97088 0.230327 5.53107e-18)
(10.039 -1.4157 0)
(10.2386 -0.976192 0)
(9.39551 -1.30581 4.62156e-18)
(9.61797 -1.23983 -8.133e-18)
(5.07977 -1.03582 2.66787e-19)
(7.14102 -0.530853 4.67742e-18)
(6.8332 -1.141 -7.5272e-18)
(6.03118 -1.41707 1.75923e-17)
(5.14592 -0.904809 0)
(6.13851 -1.10202 -1.39068e-18)
(5.63142 -0.895069 9.59082e-18)
(5.69864 -1.2761 -9.12614e-19)
(8.83905 -1.37476 -6.01456e-18)
(9.81313 -2.04397 0)
(9.68214 -1.21701 8.22847e-18)
(9.68054 -1.24831 -4.89719e-18)
(7.50751 -0.968649 -2.86438e-18)
(7.49848 -0.93028 -1.12108e-18)
(7.54644 -0.969892 3.66881e-18)
(8.20375 -1.33031 0)
(9.93594 -1.29272 -4.76184e-20)
(13.5166 -1.43129 -8.67758e-18)
(11.5627 -0.426781 1.01825e-17)
(7.39955 -1.26483 -2.71946e-19)
(8.63977 0.886396 -1.37802e-18)
(9.83532 -0.109987 1.81705e-17)
(11.5366 -1.20775 -3.85052e-18)
(9.75708 0.440411 0)
(3.80755 -0.643292 7.23958e-18)
(7.7013 -1.47959 0)
(10.6341 5.0555 2.72373e-18)
(10.9794 -0.777344 -9.92672e-18)
(8.58154 -1.27763 -7.96829e-19)
(10.8767 -0.885597 1.5411e-17)
(10.8477 -0.973139 0)
(7.60222 -1.45858 2.93678e-19)
(7.09347 -1.23824 -5.342e-18)
(8.53706 0.250482 0)
(10.6199 -1.4742 4.08779e-19)
(9.81172 -1.26383 -3.38693e-19)
(9.77564 -1.2684 8.14895e-18)
(11.5724 0.206926 3.43562e-18)
(7.14402 -1.21403 -1.24761e-19)
(9.79314 -1.24588 -8.25865e-18)
(6.1011 -1.07289 -1.01473e-18)
(10.0941 -1.24045 1.02223e-18)
(5.04163 -0.758336 0)
(8.93147 0.123682 5.85923e-18)
(8.02821 5.18496 0)
(5.85707 3.91854 -8.00561e-19)
(10.7254 -1.33158 -3.74514e-18)
(7.84147 -1.30434 -1.40384e-18)
(3.96347 -0.699274 0)
(8.42806 -1.40208 4.15158e-18)
(9.6924 -1.42955 -2.8662e-18)
(8.77622 0.0926865 6.99742e-19)
(8.83304 0.105755 -2.92401e-18)
(6.40224 -0.985898 0)
(5.81937 -1.2085 -7.04287e-18)
(9.22475 0.189558 -2.36638e-18)
(11.7471 -1.18876 2.39709e-18)
(9.4618 -0.179652 9.07023e-18)
(6.84584 -1.26231 0)
(8.37978 -1.37736 -2.86555e-18)
(9.02951 -1.40682 -9.14621e-19)
(4.68481 -0.691684 3.03479e-18)
(9.75869 -1.1764 -7.25722e-18)
(9.2122 -1.43674 0)
(13.3256 -0.136479 6.60762e-18)
(9.19209 -1.37502 -2.00741e-19)
(10.9167 -1.4164 2.28922e-18)
(10.9598 -1.3607 2.78293e-19)
(9.57564 -1.41673 3.3171e-18)
(7.98909 -1.31827 0)
(7.17257 -1.197 2.0471e-18)
(6.02611 -0.333368 -1.21181e-19)
(9.77956 -1.40639 0)
(5.87954 -0.285815 0)
(5.89948 -0.157905 -1.15532e-17)
(8.03501 -1.3212 9.86237e-18)
(8.35039 -1.35541 -6.93621e-18)
(9.64091 -1.39299 0)
(5.8733 -1.08462 -4.71321e-18)
(6.07464 -1.02214 1.25541e-18)
(6.3053 -1.0807 1.2255e-18)
(9.67581 -0.0570015 0)
(9.65598 -0.146981 -6.78677e-18)
(5.89768 -0.996373 1.64686e-18)
(9.55785 -0.194482 1.2579e-17)
(6.62869 -1.14322 -1.44725e-18)
(6.8682 -1.19751 -3.46404e-18)
(3.24762 -0.812266 4.26207e-18)
(7.22071 -0.890533 -4.00456e-18)
(7.14339 -0.911557 -2.96269e-18)
(9.46574 -1.31553 5.90948e-18)
(8.65906 -1.39147 5.57812e-19)
(9.06639 -1.43055 -1.87288e-18)
(8.93175 -1.37372 -2.26089e-18)
(9.0592 -1.38267 2.14598e-18)
(3.70666 -0.631019 0)
(9.06988 -1.37092 -2.34136e-20)
(3.98284 -0.642473 1.48012e-17)
(8.27559 -1.38447 0)
(8.65691 -1.42456 0)
(8.69169 0.0916436 1.06048e-17)
(3.84572 -0.849363 -4.98381e-18)
(8.63775 0.0729366 -7.54194e-18)
(8.38897 -1.41455 2.35438e-18)
(7.46258 -1.26997 6.63365e-18)
(7.32522 -1.36616 0)
(9.77145 -1.40871 0)
(8.58653 -1.40741 0)
(5.02328 -0.78176 6.08478e-18)
(11.0806 -0.748727 -1.1103e-17)
(9.33868 -1.43962 0)
(6.22961 -1.10414 5.14246e-18)
(6.97571 -1.2149 3.3952e-18)
(8.86642 -1.43184 -5.79608e-18)
(8.11014 -1.30944 7.28438e-19)
(8.7883 -1.38385 1.54728e-20)
(8.27507 -1.37347 0)
(9.04323 -1.38372 1.3865e-18)
(7.59065 -1.30101 -4.90238e-18)
(9.07952 -1.38486 0)
(8.88519 -1.39811 1.52664e-18)
(7.87818 -0.824643 -6.00508e-18)
(7.83502 -0.847742 8.94884e-18)
(9.37044 -0.182732 1.34266e-17)
(8.79809 -1.34964 4.67715e-18)
(7.06658 -1.23388 2.59699e-20)
(9.39219 -1.24904 -1.25498e-18)
(9.4936 -1.21424 0)
(7.92452 -1.32429 2.54323e-18)
(8.15511 -1.36365 1.38883e-18)
(10.0374 0.254156 1.39663e-17)
(9.96341 0.16614 0)
(8.64121 -1.34454 -1.61982e-18)
(5.28603 -1.0076 4.14325e-18)
(13.8053 -0.900481 -4.14097e-18)
(10.477 -0.614938 0)
(6.87423 -1.22321 1.3026e-18)
(3.54735 -0.664545 -2.30793e-18)
(7.63381 -1.28557 1.95824e-19)
(7.56511 -1.2729 1.89112e-18)
(4.00884 -0.618909 -1.34512e-17)
(4.78782 -0.876628 6.98194e-19)
(10.2602 -1.32846 2.67554e-18)
(5.70369 -1.22297 3.32359e-18)
(9.46122 -1.35451 3.60723e-18)
(12.093 0.100003 -1.33843e-17)
(5.70677 -1.0038 -5.73676e-18)
(3.72643 -0.662917 1.06156e-17)
(9.76858 -1.12981 1.0815e-17)
(8.67686 -1.39798 -3.96249e-18)
(11.0172 -0.158494 3.52579e-18)
(10.9984 0.0442006 1.60413e-17)
(10.1565 -1.49844 -2.07772e-18)
(9.58899 -1.31725 0)
(7.32698 -0.94646 -2.42237e-18)
(10.2919 -1.21563 0)
(9.95061 -1.1798 0)
(10.2961 -1.16795 0)
(10.0319 -1.14477 -5.44916e-18)
(10.2344 0.159287 -5.58164e-18)
(9.29478 -1.50823 6.56105e-18)
(10.2402 -1.27809 0)
(12.3683 -1.28884 5.10263e-18)
(10.2213 -1.18611 -9.6968e-18)
(6.08544 -1.0893 -2.72772e-18)
(8.73252 -1.39273 5.04698e-19)
(5.82802 -1.00518 -1.0372e-17)
(6.00198 -1.03884 -6.1928e-18)
(13.5835 -0.954414 4.15718e-18)
(10.7399 -0.960632 1.88228e-17)
(3.37006 -0.576198 1.64228e-18)
(8.35058 -0.453753 -2.37206e-17)
(9.93584 -0.321356 0)
(6.77709 -1.15591 -3.61842e-18)
(5.14684 -0.896049 2.66559e-18)
(7.7942 -1.30784 4.71224e-18)
(3.33034 -0.607156 0)
(6.43918 -1.1299 0)
(6.26504 -1.15292 -1.40826e-18)
(7.73489 0.276341 1.13119e-17)
(3.58607 -0.675106 2.0808e-17)
(3.7777 -0.620124 0)
(9.35442 -1.43066 0)
(8.5195 -1.37384 6.70276e-18)
(10.8062 -1.259 4.57156e-20)
(9.60172 0.108343 0)
(7.22046 -1.24186 -3.39754e-18)
(9.60068 -0.00877303 2.38604e-17)
(10.7964 0.0516176 0)
(9.48741 0.128166 0)
(10.3273 -1.29696 3.42081e-19)
(12.5039 -1.28149 -2.40497e-18)
(6.07497 -1.07154 -3.87193e-18)
(8.57946 0.130755 -7.20175e-18)
(3.31164 -0.596709 -5.00256e-21)
(8.56045 0.0816884 2.01208e-17)
(7.78425 1.09903 -1.09075e-17)
(11.4856 -0.875553 3.44346e-18)
(9.16671 -1.38036 2.55946e-18)
(6.02598 -1.04475 -1.30194e-19)
(4.01972 -0.446827 -7.94997e-18)
(5.07991 -0.931284 -1.02374e-19)
(11.6568 -0.964161 1.30377e-19)
(6.91873 -1.17265 0)
(6.81538 4.6135 -7.60705e-18)
(6.1738 -1.06494 6.23651e-18)
(5.14377 -0.79932 -3.83304e-18)
(6.4048 -1.12761 1.05368e-18)
(3.96525 -0.440035 -1.39046e-19)
(6.36579 -1.13736 0)
(7.36955 -1.31038 -2.59821e-18)
(7.0938 -1.16264 1.81529e-18)
(9.54349 -1.43912 2.22455e-18)
(8.79333 -1.39255 0)
(6.86846 -1.17486 0)
(8.46285 -1.36519 4.55004e-18)
(8.87528 -1.40598 1.92791e-18)
(10.3632 -0.638716 -1.51391e-18)
(5.19708 -0.864948 -6.60844e-19)
(9.23071 -1.15303 5.60549e-18)
(8.63467 0.112172 0)
(10.4566 -1.34955 -9.42547e-18)
(8.56145 -1.36891 -2.48216e-18)
(8.58655 0.0815966 -1.89977e-17)
(5.1015 -0.873849 -7.78826e-18)
(7.93565 -1.32016 2.30597e-19)
(7.20777 -1.23077 5.09987e-18)
(5.80452 -1.02157 0)
(12.9035 -1.23808 0)
)
;

boundaryField
{
    frontAndBack
    {
        type            empty;
    }
    outlet
    {
        type            freestream;
        freestreamValue uniform (9 0 0);
        value           nonuniform List<vector> 7((8.90949 -0.113882 0) (8.88605 0.0917563 -1.63845e-17) (9.81328 0.201266 0) (9.78336 -0.191394 5.10251e-17) (8.89739 0.21607 -8.5935e-17) (8.92563 -0.210021 0) (8.70995 -0.0025926 0));
    }
    walls
    {
        type            noSlip;
    }
    inlet
    {
        type            freestream;
        freestreamValue uniform (9 0 0);
        value           uniform (9 0 0);
    }
    airfoil
    {
        type            noSlip;
    }
}


// ************************************************************************* //
