/*--------------------------------*- C++ -*----------------------------------*\
| =========                 |                                                 |
| \\      /  F ield         | OpenFOAM: The Open Source CFD Toolbox           |
|  \\    /   O peration     | Version:  2206                                  |
|   \\  /    A nd           | Website:  www.openfoam.com                      |
|    \\/     M anipulation  |                                                 |
\*---------------------------------------------------------------------------*/
FoamFile
{
    version     2.0;
    format      ascii;
    arch        "LSB;label=32;scalar=64";
    class       volVectorField;
    location    "100";
    object      U;
}
// * * * * * * * * * * * * * * * * * * * * * * * * * * * * * * * * * * * * * //

dimensions      [0 1 -1 0 0 0 0];

internalField   nonuniform List<vector> 
2283
(
(10.0393 -0.019222 1.7062e-18)
(9.75961 -0.00530144 5.4765e-17)
(5.74537 -1.01432 -5.28281e-18)
(5.98843 -1.03026 5.18753e-18)
(7.62533 -1.19754 0)
(7.66058 -1.27924 0)
(9.33753 -0.0585491 0)
(9.29151 -0.011622 -1.34575e-18)
(3.60505 -0.665305 -1.98763e-18)
(18.9949 6.26268 0)
(16.7747 4.11162 3.06406e-18)
(7.89854 0.582676 -5.75729e-17)
(6.90563 0.572409 -6.38319e-18)
(9.66165 -0.934928 6.46869e-18)
(7.69459 0.437025 -1.12741e-17)
(8.81977 0.852933 0)
(9.00144 0.900917 2.06178e-18)
(7.32788 -0.544944 8.09384e-20)
(9.92576 0.00943421 0)
(7.13846 -1.20635 -5.68939e-18)
(8.41702 -1.29682 2.38928e-18)
(8.10859 -1.27854 0)
(9.04405 0.024008 4.49346e-17)
(8.99352 0.0152089 -1.07002e-16)
(9.34668 -0.0383158 0)
(10.0871 0.00903061 6.27491e-17)
(8.80891 0.293056 0)
(10.8608 -0.974255 0)
(8.74471 0.265748 0)
(5.22486 -0.90391 1.70825e-18)
(3.51369 -0.59765 -5.60547e-18)
(8.49768 0.0367519 0)
(8.44101 -0.0129507 -2.73264e-18)
(8.77299 0.0457091 -2.3736e-17)
(9.09887 0.0107455 0)
(8.67255 -0.188091 -8.12442e-18)
(8.72462 -0.232271 0)
(8.89367 0.109153 1.41023e-17)
(8.92291 0.119339 -1.95846e-17)
(9.70243 -0.0121569 -9.8643e-17)
(6.53201 -0.0611461 1.11126e-16)
(9.54112 -1.02523 -9.15069e-18)
(8.72134 -1.39041 2.06745e-18)
(9.16607 -1.42538 -3.64374e-18)
(11.1611 -0.80197 4.9272e-18)
(11.2099 -0.932741 0)
(7.25662 -1.39259 3.14682e-18)
(5.87009 0.349576 -1.54924e-18)
(5.67877 0.147157 0)
(8.76367 -0.0874948 -4.6467e-19)
(7.65226 -1.19872 3.85991e-18)
(8.81142 -0.0941862 1.52948e-19)
(9.83443 -0.41808 6.09632e-19)
(10.4709 -1.17951 2.74458e-18)
(10.2434 0.0307859 -2.49729e-18)
(9.63639 -1.4042 -4.95282e-18)
(7.28816 -0.599014 0)
(7.31902 -0.229207 0)
(3.67201 -0.666167 0)
(10.1341 -0.070241 2.6753e-17)
(7.25443 -0.298563 -8.25519e-18)
(11.058 1.33749 -1.12341e-17)
(9.70953 -1.3904 0)
(11.1607 -0.563948 1.39903e-17)
(3.52696 -0.636104 -1.74279e-18)
(9.82761 0.0775393 -9.98307e-18)
(10.0747 0.0650796 1.03721e-16)
(11.1083 -0.444938 0)
(7.49891 -1.25982 -2.10273e-18)
(8.89217 -1.39945 2.99752e-18)
(8.00503 -0.852837 -2.67764e-18)
(8.55512 -1.352 -2.65771e-19)
(9.61843 1.64068 2.66768e-17)
(6.55861 -0.0114703 3.43793e-17)
(9.30835 -0.660909 -3.13271e-17)
(8.62008 -1.30322 0)
(8.84858 0.0265693 2.42734e-18)
(8.77366 0.107191 1.2079e-18)
(8.99333 0.103172 0)
(9.02319 0.0784237 0)
(8.87496 -0.256099 1.24325e-18)
(8.90182 -0.279283 0)
(10.3998 -1.1978 -1.41833e-18)
(8.36681 -1.37342 7.99648e-20)
(3.58122 -0.819327 2.73025e-18)
(8.5326 -1.38526 1.77798e-19)
(11.4073 -1.42862 1.60608e-19)
(10.4139 -1.09396 0)
(10.0203 -1.45496 1.62155e-20)
(10.3342 -1.41375 1.87046e-18)
(9.50892 -1.1101 0)
(15.3412 8.55377 0)
(10.3616 -1.15739 0)
(8.85024 -0.203572 -1.21858e-17)
(8.73966 -0.232387 0)
(8.6885 -0.0168078 1.24831e-17)
(9.63986 1.27947 -2.0469e-17)
(7.30876 -1.26514 2.85214e-18)
(8.85599 -0.0310685 -4.04437e-17)
(6.64127 -1.17141 -4.1968e-18)
(10.3243 1.01404 -2.19207e-17)
(9.93057 1.05235 4.09065e-17)
(10.3601 -0.297801 4.53731e-17)
(9.91247 -1.41771 0)
(5.65742 -0.967573 0)
(10.0059 6.93234 0)
(9.41175 -0.0445318 -1.35305e-16)
(9.47218 -0.00466711 2.20721e-18)
(7.12198 -1.13581 0)
(4.83631 -0.77949 0)
(9.16414 0.00732034 -6.65152e-17)
(8.61553 0.243525 1.31677e-17)
(8.68594 0.296886 -1.12815e-17)
(8.66927 -0.669478 -5.17245e-18)
(8.88816 -0.512812 -4.18492e-19)
(10.0537 6.61315 3.21839e-19)
(7.24683 0.398386 1.23365e-17)
(9.46183 -0.000301065 -2.09837e-17)
(7.69566 -1.34369 0)
(8.59966 -0.420635 7.81538e-20)
(8.56973 -0.573898 -4.07876e-18)
(9.28884 -1.40795 4.32397e-18)
(8.96753 0.266992 5.57641e-19)
(9.00503 0.292402 -4.47066e-18)
(3.60892 -0.683337 -3.80395e-18)
(8.44318 -1.21055 -1.46884e-17)
(9.57888 -1.10312 7.8346e-18)
(9.11024 -1.413 0)
(7.59952 -1.24988 0)
(10.6212 -1.38253 2.18325e-18)
(8.30175 -1.09156 2.45819e-18)
(7.11918 -0.919247 0)
(4.73419 -0.599346 -1.87902e-18)
(9.36123 -0.460815 0)
(8.29079 -1.02538 0)
(7.4472 -0.978709 -1.1236e-18)
(9.0441 -0.156708 -3.08414e-17)
(9.05491 -0.175806 -6.88321e-18)
(6.95186 -1.18551 0)
(4.0522 -1.35475 1.74047e-18)
(7.17423 -0.282605 4.10801e-18)
(7.87334 -0.716992 9.60594e-18)
(7.09683 -0.919264 3.59564e-18)
(8.04414 -0.94462 0)
(7.40267 -0.323237 -3.57561e-18)
(5.03448 -1.0464 0)
(11.6171 0.00685795 4.74805e-18)
(8.8681 0.137142 3.867e-17)
(9.01104 -0.0288333 0)
(9.11503 -1.02885 1.66843e-17)
(8.99578 -0.0134036 3.09534e-17)
(7.50882 -0.278261 -2.36656e-18)
(8.43051 -0.372831 -3.32393e-17)
(8.50907 -0.458241 0)
(7.31727 -1.21907 -6.59754e-18)
(8.27763 -1.29748 0)
(6.60369 -1.14729 3.83606e-18)
(5.97364 -1.06914 0)
(8.1621 -1.02738 -2.91187e-18)
(7.41743 -1.24429 -3.64138e-18)
(7.14734 -0.0773397 -5.59289e-18)
(10.1375 -0.0569118 -1.2068e-16)
(7.03766 0.00941196 1.02683e-17)
(11.5799 -1.19748 6.80245e-18)
(9.6583 0.344667 -2.01278e-17)
(11.1609 -1.02117 9.47657e-19)
(9.50219 0.346105 8.97606e-18)
(7.85305 -1.29236 4.8774e-18)
(9.21972 0.422862 -1.08489e-17)
(8.32686 -0.945261 2.51466e-18)
(5.78093 -1.0225 1.43129e-18)
(3.90028 -0.689189 0)
(5.55875 -1.22959 5.83797e-18)
(7.24907 -1.21987 7.3865e-19)
(9.34239 -0.237954 0)
(8.56392 -0.24824 2.17949e-18)
(11.0271 -0.821877 4.41894e-18)
(10.9465 -0.951512 -8.58869e-18)
(7.63677 -1.2578 1.71091e-19)
(6.31068 -1.05647 -3.14403e-18)
(9.16894 -1.27813 -9.35042e-18)
(6.66294 3.93364 -1.01563e-17)
(4.2464 2.34877 3.35362e-17)
(9.31981 6.34861 -7.52472e-19)
(6.33931 -0.442734 8.48556e-18)
(6.14875 -0.516582 -4.04009e-18)
(7.51632 5.57918 1.75382e-18)
(5.44326 4.45879 -6.59717e-18)
(7.62431 -1.14435 -1.05361e-18)
(5.99837 1.5773 3.34251e-18)
(9.43024 -0.981496 3.72861e-18)
(8.62656 -0.0567503 0)
(9.10194 1.13841 6.10163e-18)
(9.11937 -0.892824 -2.2117e-17)
(5.97934 0.694236 -1.48315e-18)
(6.29255 0.674901 0)
(7.62529 -0.60704 6.30323e-18)
(7.62406 -0.524232 -1.08066e-17)
(10.4722 -1.26402 5.13095e-18)
(10.5022 -1.28292 -2.67617e-18)
(7.73452 -0.831397 -3.40221e-18)
(7.73541 -0.766793 7.09452e-18)
(5.70149 -0.944053 6.56113e-19)
(10.5964 -1.23567 -3.44694e-18)
(6.6649 -1.19071 -4.36312e-19)
(9.09358 5.25208 -6.51462e-18)
(16.088 3.44055 0)
(8.68767 4.79411 -3.46242e-20)
(7.55629 -0.462269 0)
(6.01294 2.41545 -6.72788e-18)
(9.03651 0.216841 0)
(9.01211 0.174841 0)
(4.27198 -0.861913 -9.83986e-19)
(7.97077 -0.999061 0)
(8.48697 -1.30924 0)
(8.13125 -0.994468 1.09331e-18)
(9.07965 -1.41433 -2.49253e-18)
(8.07765 -0.994025 2.50992e-18)
(9.63067 -1.25393 0)
(4.27664 -0.890154 -3.08047e-18)
(4.34439 -0.748846 0)
(7.95489 -0.434025 1.09597e-17)
(4.79799 -3.02592 1.58054e-17)
(8.15664 -1.27494 -1.36396e-18)
(7.98776 -1.37763 0)
(4.97372 -0.911047 -1.7985e-18)
(6.41251 -1.13951 -1.70302e-18)
(7.74967 -1.28302 4.0458e-18)
(6.10759 -1.06607 2.63444e-18)
(8.92023 0.603119 0)
(7.4588 -1.25587 0)
(5.28294 -1.26621 0)
(5.68735 -1.07702 -1.80189e-18)
(10.6195 -1.17476 -7.49274e-19)
(10.581 -1.11138 0)
(8.19518 3.85379 -3.23785e-20)
(5.07847 -0.89306 5.3376e-18)
(7.91251 -0.0106523 -1.32218e-17)
(3.5168 -2.05312 -3.02867e-17)
(9.04041 0.630112 -3.09421e-18)
(9.76757 -0.702692 -3.65909e-18)
(8.062 -1.03268 1.89934e-18)
(3.62788 -0.655398 -9.9847e-18)
(9.09414 0.767909 3.02625e-18)
(7.1525 -1.27365 5.8884e-18)
(7.98994 0.134135 -1.14814e-18)
(8.11431 -1.31512 -1.19369e-18)
(8.37038 -1.33104 -2.45924e-18)
(8.10783 -0.562366 8.00075e-18)
(8.55086 0.49376 1.144e-17)
(9.44558 0.00792757 0)
(5.37462 -0.921098 -9.97094e-18)
(5.26227 -0.807221 -8.00046e-18)
(9.65146 -0.788181 0)
(4.21395 -0.457235 8.64474e-18)
(8.35746 -1.34425 6.83403e-18)
(5.30742 -1.69186 -6.0205e-18)
(7.87164 -0.382769 4.44962e-19)
(7.92286 0.249138 2.08691e-17)
(12.0655 -1.23872 -1.06661e-18)
(11.8188 -1.31224 0)
(7.85674 -0.27966 -5.56768e-18)
(7.5071 -1.09197 2.32932e-18)
(4.93778 -0.830245 -1.7671e-18)
(7.20363 -0.936477 -6.14604e-18)
(9.8018 -1.29324 1.09567e-17)
(9.51791 -0.801038 -4.43948e-18)
(8.82675 -0.130259 0)
(7.46761 -1.23919 0)
(8.84937 -0.136785 0)
(7.75855 -0.234825 0)
(7.80636 -0.447895 9.18631e-18)
(7.54597 -0.135327 1.13117e-17)
(8.30038 -1.27861 -2.08639e-18)
(7.50206 -0.514591 0)
(8.33471 -1.204 -5.84341e-19)
(6.9803 -1.20023 8.59933e-19)
(7.9513 -0.910449 -2.98841e-18)
(12.3061 1.56968 0)
(7.92588 -1.25614 4.06914e-18)
(7.9951 -0.952696 0)
(12.5565 2.00545 2.89362e-17)
(8.98105 -1.35957 -1.49336e-18)
(3.60329 -0.610512 -9.48674e-19)
(7.3515 -1.27994 -2.79839e-18)
(8.28157 -0.505992 -4.56773e-18)
(11.0009 -0.513043 -1.00164e-17)
(8.54289 -1.29949 -3.0502e-18)
(8.39662 -1.31042 -1.41302e-18)
(6.29027 -0.217425 -1.05018e-17)
(6.42541 -0.273989 1.03206e-17)
(8.57012 1.2597 -6.07889e-20)
(10.941 -0.664217 1.02024e-17)
(8.04673 -1.38003 0)
(5.14771 -0.901885 3.05522e-18)
(7.23463 -1.21977 0)
(4.98215 -0.876107 0)
(9.20219 -1.43463 -2.16519e-18)
(8.09834 -0.695208 5.04434e-18)
(9.94714 -1.46937 0)
(7.59665 -1.38726 0)
(8.08662 -1.2496 0)
(8.06459 -1.24665 -1.00678e-19)
(8.78063 -0.270018 0)
(9.05103 -0.242559 1.85588e-17)
(8.65937 -0.161565 2.21047e-18)
(8.8419 -0.152993 0)
(7.44644 -0.488903 -9.12659e-19)
(9.01512 -1.31375 6.16682e-18)
(9.14424 -1.28733 0)
(8.57875 -0.352501 -3.39716e-18)
(9.62755 0.019753 -5.6929e-17)
(8.28091 -0.397068 2.79584e-18)
(8.29887 -0.624102 6.04437e-18)
(8.43168 -0.766642 -2.75662e-18)
(6.62897 -0.587932 5.61498e-18)
(6.84157 -0.607754 1.23335e-18)
(10.9044 -0.468808 1.51582e-17)
(9.43649 0.0215203 5.53059e-17)
(8.3038 -1.19302 0)
(7.3396 -0.989959 1.11361e-18)
(9.00262 -1.31052 -5.25627e-18)
(10.2653 -0.0143987 0)
(8.69833 -1.3163 0)
(7.58962 -1.10291 4.41545e-18)
(7.55461 -1.1317 0)
(7.67311 -1.05563 0)
(7.70989 -1.03113 1.6549e-18)
(10.8749 -0.303794 2.47653e-18)
(3.30959 -0.585609 4.71566e-18)
(10.3707 -0.90003 0)
(6.69868 -0.637785 -5.23444e-18)
(6.75704 -0.0976036 7.45053e-18)
(7.82379 -0.968724 -2.24924e-18)
(8.89909 0.10693 0)
(8.85842 0.101432 1.86299e-17)
(7.78519 -0.988989 2.75034e-18)
(9.78443 -1.37572 3.39074e-18)
(8.16415 1.75529 3.79208e-18)
(9.11573 -1.3023 1.0203e-17)
(9.39113 -0.304876 0)
(8.53853 -0.67542 -1.18127e-18)
(8.21903 -1.65289 1.69524e-17)
(5.5054 -1.14352 -2.59167e-17)
(8.50987 -0.82565 5.59302e-18)
(9.00618 -1.30888 -5.17756e-18)
(4.81783 -1.0713 -3.12176e-18)
(9.97505 -1.28431 -4.8056e-18)
(3.47684 -0.592802 2.18987e-18)
(8.53412 -1.38333 -7.51389e-18)
(8.23314 -1.29568 0)
(9.53111 -1.36074 0)
(7.51627 -0.605686 -2.91199e-18)
(9.32675 -0.375344 0)
(9.0325 0.0772558 -2.44147e-17)
(7.32113 -1.14308 0)
(8.30595 1.34005 -3.18586e-18)
(7.92772 -1.1957 0)
(7.87669 -1.19981 -3.99917e-19)
(7.96953 -1.15611 0)
(7.95637 -1.12985 0)
(7.27392 -1.2162 0)
(10.1113 -1.37707 -5.61058e-18)
(10.646 -1.4374 8.13297e-18)
(9.2078 -0.152979 -3.65983e-18)
(9.0633 -1.30338 0)
(7.27835 0.892966 5.17705e-18)
(8.84866 -1.40038 4.45243e-21)
(13.2384 -1.06411 2.16115e-17)
(6.7421 -1.12479 1.59294e-17)
(4.58587 -0.767079 -1.42439e-17)
(11.0541 -1.16927 3.17639e-18)
(9.14028 -0.148796 3.04403e-18)
(11.036 -1.05256 0)
(10.1267 -1.26052 1.05242e-18)
(8.58163 -0.00105038 8.96574e-18)
(9.12399 -0.174528 -2.0865e-17)
(11.4987 -1.37894 0)
(12.9151 -1.15677 3.24115e-18)
(14.7056 -0.975832 -2.24932e-17)
(11.2841 2.27725 -2.42635e-18)
(8.58802 -0.444143 0)
(9.10221 -0.0507996 0)
(9.93653 -0.0123077 6.73054e-19)
(9.58392 -0.00682759 1.05812e-18)
(10.853 -1.09685 6.83282e-18)
(8.88226 -0.0697906 0)
(10.0838 -1.07326 7.21519e-18)
(10.1174 -1.01143 0)
(7.80712 -1.0518 0)
(7.8463 -1.02623 0)
(6.58453 1.50138 1.75566e-17)
(9.76235 -0.932253 2.48185e-18)
(10.0438 -1.31597 -1.42315e-18)
(10.9828 -1.2042 0)
(8.58962 -1.33265 -2.20527e-18)
(10.9127 -1.16887 -3.6387e-18)
(10.1256 -1.21748 1.85367e-18)
(14.9403 -0.0405974 0)
(7.76178 -1.33004 -3.64006e-18)
(1.80966 0.224759 6.54088e-17)
(7.46263 -0.769127 1.72205e-18)
(7.49389 -0.721407 -6.82679e-18)
(7.41298 -0.775905 0)
(2.06017 0.934249 4.15212e-18)
(7.37402 -0.745333 0)
(8.36434 -0.786552 0)
(7.40663 -1.21506 1.61066e-18)
(6.9543 -1.14056 -1.76294e-18)
(6.59541 -1.13466 9.50005e-19)
(8.30937 1.94756 -2.83885e-18)
(10.0679 -1.23397 1.78951e-18)
(6.49549 0.0158541 6.08641e-18)
(8.22249 -0.443103 -2.02428e-17)
(7.67264 -0.97557 2.95347e-18)
(7.63362 -1.00953 0)
(9.13985 0.0346769 -2.2069e-17)
(7.74959 -0.922523 -5.08625e-18)
(7.78851 -0.900263 1.82616e-18)
(5.47839 -0.895321 0)
(6.90759 -0.306773 9.15512e-19)
(5.73353 -0.101058 2.51518e-17)
(8.35123 0.194902 0)
(10.2349 0.0584558 -1.47788e-17)
(2.84409 0.519675 -3.7107e-17)
(9.0337 0.0204481 1.83637e-17)
(9.06 0.030131 -4.12516e-17)
(8.82805 -0.015336 -3.23646e-17)
(6.98163 -0.233921 -1.60989e-18)
(7.63897 -0.758049 0)
(8.81367 0.00818682 0)
(8.06173 -0.282783 3.21543e-18)
(8.13682 -0.460368 2.05067e-17)
(7.68858 -0.72803 7.09546e-18)
(8.5107 -0.0072358 0)
(8.99639 0.0486231 3.45608e-17)
(8.97304 0.0618525 3.47736e-17)
(8.96782 0.037475 5.91373e-19)
(7.893 -1.28515 -3.27675e-18)
(10.3049 -1.18268 -2.68968e-19)
(8.28836 -0.0296183 1.16594e-17)
(9.72851 0.0717372 -1.35001e-17)
(8.96827 0.00181507 0)
(7.87777 -1.41096 0)
(8.75008 0.562168 9.50398e-18)
(8.05858 -0.374182 0)
(7.90036 -0.931252 1.87289e-18)
(5.50565 -1.02747 0)
(4.36327 -0.677947 -7.28381e-19)
(8.28368 -0.751309 3.68625e-18)
(4.51844 -0.914077 -1.6227e-18)
(7.89473 -0.970241 -4.56506e-18)
(8.15981 0.813307 1.57282e-18)
(6.7267 1.26786 1.06962e-17)
(8.84532 -0.0424736 -1.55439e-17)
(6.28809 0.988421 0)
(8.27278 -1.31602 1.11038e-18)
(7.19668 -0.803255 -1.42783e-18)
(8.88315 0.0153737 2.82313e-17)
(8.98813 0.012601 0)
(9.39246 -0.0300286 5.74541e-17)
(5.97271 0.9377 -9.95697e-18)
(5.91332 -1.05132 -3.18349e-20)
(8.79253 0.0533765 3.0976e-18)
(7.86197 -0.900744 -3.81996e-18)
(7.37727 -0.830256 0)
(6.43567 -1.10821 0)
(8.88292 -0.03575 7.39368e-19)
(8.81053 -0.0765949 -1.11277e-17)
(8.93579 0.0331438 -2.25878e-18)
(9.00008 -0.0478374 7.47204e-19)
(3.96208 -0.70611 -5.61118e-18)
(11.1744 -1.24965 4.44101e-19)
(8.87853 -0.0411882 -9.80347e-19)
(8.63048 -0.256487 0)
(8.66925 -0.157018 3.59645e-18)
(8.57619 -0.207059 0)
(8.64837 -0.328017 0)
(8.58465 -0.342433 0)
(5.00987 -0.87801 5.30982e-19)
(5.98557 -1.05072 1.27794e-18)
(9.18099 -0.0690399 0)
(6.51048 0.0270053 5.44909e-17)
(9.69473 -0.293247 -2.94929e-17)
(8.88216 0.11121 -1.28122e-17)
(8.87568 -0.0445589 -1.73081e-17)
(6.22174 -1.09899 -9.84679e-19)
(8.64336 -1.04876 0)
(9.85931 -0.0263009 -5.35985e-17)
(5.27894 0.209863 -1.5e-17)
(8.7286 -0.0907653 -8.17485e-18)
(8.67695 -0.0867847 9.36039e-18)
(8.86343 -0.0638591 7.23211e-18)
(8.98328 -0.0354208 7.26329e-18)
(8.87701 -0.0505077 -1.52985e-17)
(8.85354 -0.0393095 3.18975e-17)
(9.20298 -1.37488 -3.41496e-18)
(9.06498 0.0284122 -1.97291e-17)
(7.66535 -1.1572 -4.0151e-18)
(8.85686 -0.0352274 -6.512e-17)
(9.82114 -1.31679 1.27696e-18)
(10.1427 -0.815077 0)
(8.92631 0.125682 1.47315e-17)
(8.92913 0.129887 -3.15714e-18)
(8.86925 -1.32202 -2.41729e-20)
(10.1646 -0.878265 0)
(11.8148 0.335075 0)
(10.1445 0.110917 -6.93688e-17)
(9.23297 0.0210895 -1.9951e-17)
(9.63576 0.0625934 0)
(8.40324 0.144558 1.21643e-17)
(8.42363 -0.379042 0)
(9.14252 0.0419262 4.03385e-17)
(9.05625 0.083265 -6.74966e-17)
(9.19651 0.0779943 5.18508e-17)
(8.75399 -0.114182 3.93846e-19)
(8.81635 -0.0577615 -6.08369e-19)
(11.7631 0.0712621 -1.41226e-17)
(11.3006 -0.121017 -1.03075e-17)
(11.1567 -0.236533 1.01242e-17)
(11.1611 0.274539 -3.55429e-17)
(11.3664 0.123744 9.8208e-18)
(9.08534 0.0771937 2.89883e-17)
(9.0023 0.0549219 -3.63874e-17)
(8.86613 0.266128 0)
(8.81774 -0.419093 2.61531e-17)
(8.89901 0.0575852 2.16869e-17)
(8.86616 -0.465648 4.15643e-18)
(9.02632 -0.0887499 -2.75394e-17)
(9.03478 -0.0717702 2.54102e-17)
(9.68361 0.0577297 -1.35594e-17)
(8.37348 0.0476223 0)
(3.34375 -0.727317 -1.18042e-18)
(8.34937 0.699171 -1.27448e-17)
(8.53191 0.799733 8.11159e-18)
(9.08326 -0.055141 -2.37631e-17)
(9.02358 -0.0644376 0)
(8.99261 -0.112122 0)
(8.92599 -0.00853717 1.81411e-17)
(9.01951 -0.120917 3.46089e-19)
(11.9164 -0.103262 -3.26279e-18)
(11.7823 -0.127701 9.05843e-18)
(10.5111 0.0292053 -6.90601e-18)
(10.6462 -0.830976 -4.9942e-18)
(10.3787 -0.0407171 2.76403e-17)
(8.37233 -1.16657 2.45053e-19)
(10.0476 -0.29792 0)
(8.88561 0.0818113 1.39458e-19)
(9.68848 -0.0500818 2.16849e-17)
(9.36644 -0.00989781 -5.30909e-18)
(9.05798 -0.025098 -1.72805e-17)
(8.9263 0.061033 -2.07311e-17)
(10.0616 -0.0776743 5.41454e-18)
(9.93746 -0.0634262 -7.56541e-18)
(9.53094 -0.010424 0)
(9.64601 -0.0105558 5.35724e-18)
(9.42557 -0.0273391 -9.28096e-18)
(10.0152 0.113984 -6.83027e-18)
(9.94053 0.0553833 3.37423e-18)
(8.96231 0.0591314 5.40541e-17)
(7.76102 -0.0157256 0)
(7.44277 -1.24502 1.50113e-18)
(7.75643 -1.27024 0)
(8.04813 -1.2697 -9.64013e-19)
(7.53334 -1.25025 4.6575e-19)
(7.04196 -1.18406 -5.93008e-19)
(8.05812 -1.26506 1.07684e-19)
(9.98991 -0.124644 5.44367e-17)
(9.3664 -0.0803275 -5.34356e-17)
(10.1731 -0.0779679 -4.61533e-17)
(9.53347 -0.0580512 0)
(10.0643 -0.221672 4.68714e-17)
(8.72663 -0.365192 0)
(7.99198 -1.0257 0)
(8.85765 0.0444498 -1.6692e-17)
(7.10523 -1.25555 7.97471e-18)
(8.40842 0.318712 -4.58977e-18)
(10.059 -0.442704 0)
(7.3986 -0.407569 7.55366e-18)
(9.73308 0.0355387 3.31508e-18)
(6.6208 0.005275 0)
(8.62911 0.58306 -1.35193e-17)
(9.56787 -0.0748633 7.07786e-17)
(8.02284 -1.03933 3.03961e-18)
(7.39928 -0.570533 6.79745e-18)
(9.01051 0.00679684 3.84423e-17)
(8.45376 -0.67128 -1.56499e-18)
(6.91664 -0.145119 0)
(9.6765 0.0485395 3.09164e-18)
(6.61801 -0.00959553 0)
(7.57141 -1.15882 1.69431e-18)
(10.0537 0.0569558 -6.25552e-17)
(6.92269 0.120838 0)
(7.54474 -1.18175 2.2957e-18)
(8.39392 -0.608244 0)
(10.0725 -0.101071 -8.44088e-18)
(8.83053 0.624148 -7.72178e-19)
(8.79692 -0.0179103 2.51368e-17)
(6.71756 0.179114 -3.33249e-17)
(9.18591 -0.091702 0)
(6.43939 0.0135102 1.20388e-16)
(8.5668 -0.15236 -9.39033e-18)
(8.59698 -0.155356 0)
(7.18078 -0.712485 0)
(10.3013 -0.0722134 2.5621e-16)
(10.0619 -0.180733 -4.6353e-17)
(3.70491 -0.124148 -4.35616e-18)
(9.99993 0.14195 9.10983e-17)
(10.1749 0.314592 2.63783e-17)
(8.63539 -0.190289 0)
(5.96425 -1.01015 0)
(7.11137 -0.766967 0)
(5.06664 -0.868663 0)
(2.54456 -0.147127 0)
(8.19097 -1.33829 0)
(8.80982 -0.000164533 6.85877e-19)
(8.94248 0.0432573 0)
(8.98395 0.0283795 -1.93469e-17)
(8.93157 -0.0232614 -1.34279e-18)
(8.91066 -0.114093 0)
(8.515 0.323913 0)
(9.19067 0.0032867 2.04468e-17)
(8.90821 -0.0236652 2.29076e-17)
(9.92249 0.000120902 0)
(8.72203 -0.117572 6.60799e-18)
(8.97783 -0.0561285 1.75376e-18)
(10.4884 -0.971884 -1.70089e-18)
(10.1022 0.0333393 -5.64381e-18)
(9.4307 -0.027683 6.45254e-18)
(8.88715 0.0140389 3.06597e-17)
(10.1646 -0.580968 -7.69116e-18)
(10.5719 -0.946534 -5.38321e-18)
(10.0754 0.461909 -1.14349e-17)
(9.79613 -0.0612212 0)
(9.55998 -0.300809 -1.18855e-17)
(6.8233 -0.956058 2.57694e-18)
(8.97083 0.00176547 7.94354e-17)
(9.00835 0.0202123 -8.12817e-17)
(10.1357 -0.66175 -4.21773e-18)
(8.42461 -1.18786 -2.23362e-18)
(8.16219 -1.34349 1.04113e-20)
(10.1405 0.0410373 9.49064e-17)
(10.4048 -1.04556 2.88883e-18)
(6.42794 2.63947 2.75228e-18)
(6.8523 -0.842623 0)
(9.47914 -0.340879 -4.8968e-19)
(8.59877 -0.119072 0)
(8.63203 -0.118634 0)
(9.93261 0.57909 -1.67879e-17)
(8.33922 -1.25229 4.32492e-18)
(9.53195 -0.165112 -2.73488e-17)
(9.0239 0.174205 1.42381e-17)
(8.5653 -1.08102 -4.36241e-18)
(8.86794 -0.00943517 0)
(8.99379 0.000215625 -1.46034e-17)
(7.84506 -1.30484 -1.39767e-18)
(9.01944 0.194014 9.12662e-19)
(8.90428 0.0186744 0)
(9.22375 -1.21781 -6.5356e-18)
(7.30944 -0.666182 6.87681e-18)
(8.99895 0.134298 3.31557e-17)
(8.90098 0.015897 -2.24546e-17)
(9.71172 -1.22071 1.83039e-18)
(10.5781 -0.987854 3.5809e-18)
(8.91351 0.112367 0)
(8.48456 -1.33384 1.60414e-18)
(7.25254 0.194444 0)
(8.97411 0.129137 0)
(8.68192 -0.023757 6.32396e-18)
(6.68426 0.212212 0)
(8.70004 0.062325 -5.52532e-18)
(10.5275 1.45461 8.05952e-18)
(8.58882 -0.309612 3.5203e-18)
(7.91303 -1.28806 0)
(8.52479 -0.277789 8.3289e-18)
(8.66826 -0.205185 -1.22514e-17)
(8.32015 -1.3267 4.79386e-19)
(8.88212 -0.228115 -1.2517e-18)
(9.72929 -1.2724 0)
(4.82976 -0.878651 -2.28505e-18)
(8.8437 -1.35852 -9.51729e-19)
(10.4455 -0.392474 0)
(4.66819 -0.880591 -1.09377e-17)
(6.13499 -0.993094 6.753e-18)
(6.43078 -1.20142 -1.04614e-17)
(4.9411 -0.919597 0)
(11.1902 7.29544 1.33185e-17)
(9.46758 0.0897909 0)
(10.2216 -0.29636 0)
(9.26783 0.0407924 7.10824e-18)
(6.15778 -0.0201449 0)
(9.79863 -0.458325 6.05002e-17)
(4.40419 -0.690228 1.84369e-17)
(9.44596 -1.33127 -3.49499e-18)
(9.59279 -1.3062 0)
(8.8644 -0.0758281 -2.67844e-17)
(9.28078 0.0532449 -4.75327e-17)
(9.45835 -1.32416 1.11452e-18)
(6.76429 -0.943338 5.37326e-18)
(10.2608 -0.231781 1.33182e-17)
(10.1332 -0.170693 -1.91372e-17)
(9.05799 -1.30604 2.7108e-18)
(8.03465 -1.27813 1.77076e-18)
(9.91009 -1.07476 0)
(7.15992 -0.962052 2.31078e-18)
(7.07098 -0.984775 7.53349e-19)
(7.24355 0.0034887 1.31024e-17)
(5.68311 -0.368338 4.47295e-18)
(8.6361 -0.0271409 -6.51759e-18)
(6.97716 -1.01106 6.39997e-18)
(9.87654 0.161468 -1.08639e-16)
(9.12039 0.0699164 4.40756e-17)
(6.80168 -1.16333 8.68952e-18)
(7.98416 -1.30562 0)
(7.16782 -0.993532 0)
(6.62963 -1.13501 8.20744e-19)
(9.19112 -1.29348 -3.49188e-18)
(9.06955 0.0453157 2.30235e-17)
(8.03595 -1.29873 -1.5656e-18)
(9.06552 0.0417658 -5.16767e-17)
(8.9013 -0.0803048 2.05242e-17)
(9.86186 -1.03546 -1.5456e-17)
(8.3381 -1.31353 -1.58828e-18)
(7.99402 -1.29995 0)
(9.95145 -1.24468 0)
(10.0158 -1.20452 1.92497e-18)
(9.02314 -0.0543529 -3.56603e-17)
(9.92163 -1.28451 0)
(8.59864 -1.07994 2.02069e-18)
(8.89485 -0.0417146 -1.20534e-17)
(8.861 -0.032657 1.30422e-17)
(7.53454 5.96137 4.51599e-18)
(9.99549 -0.869124 0)
(9.93466 -1.0213 0)
(9.79835 -1.16112 0)
(10.0581 -0.803579 0)
(9.23359 -1.29268 0)
(8.81781 0.0746176 1.93736e-18)
(10.048 -0.734885 0)
(8.922 0.0997714 -5.25553e-18)
(8.94367 -1.19282 -2.16531e-18)
(3.27626 -0.374332 0)
(4.4698 -0.427918 -1.36987e-17)
(7.11435 -1.23084 0)
(8.98738 0.0292632 0)
(9.34267 0.0245697 0)
(3.34511 -0.582054 6.03387e-18)
(9.45074 0.0287799 -2.69922e-17)
(9.0018 -0.961385 -3.74682e-18)
(8.75137 -0.809687 1.17553e-18)
(11.9325 -0.399316 2.29522e-18)
(11.737 -0.488061 6.281e-18)
(7.11793 -1.20415 0)
(9.82751 -1.11931 0)
(9.37873 -0.919065 5.54585e-18)
(8.85508 0.0275543 0)
(8.95671 0.0267151 9.93372e-17)
(8.43294 -1.24549 0)
(7.0834 -0.977504 0)
(9.39407 -1.04694 0)
(5.79227 -0.979836 1.10595e-18)
(9.05655 -0.00409284 3.25963e-17)
(9.01706 -0.0211974 0)
(8.65813 -1.11063 -6.80775e-19)
(9.72769 -1.19081 4.74202e-18)
(9.00589 0.00351679 0)
(7.6428 -1.28528 1.88045e-18)
(12.0013 -0.806457 -5.05923e-18)
(8.50279 -1.28674 1.2017e-18)
(9.28587 -1.3161 1.75916e-18)
(8.77275 -1.12046 0)
(10.5046 -1.46107 0)
(5.31159 -0.934775 -3.3767e-18)
(9.02191 0.00483207 2.35097e-17)
(6.49895 0.826834 -5.71151e-19)
(6.97048 -0.96091 6.22547e-18)
(7.75392 -0.636428 7.48505e-18)
(7.75417 -0.576343 2.52955e-18)
(7.69249 -0.514701 5.67608e-18)
(11.7211 -0.687094 4.17413e-19)
(8.68334 0.359988 0)
(4.93688 -0.893777 0)
(9.22679 0.00680212 2.04818e-17)
(9.06885 0.0218957 -1.9258e-17)
(9.05901 0.0144506 0)
(9.27496 -0.0427033 2.81102e-17)
(9.31214 -0.050193 2.51219e-17)
(10.6223 -0.196928 0)
(3.4217 -0.604689 0)
(8.8698 -0.038441 -1.92695e-18)
(8.58601 0.389635 0)
(8.89843 -0.0504304 1.45517e-17)
(10.8851 -1.39346 0)
(8.45321 -1.33791 -9.59535e-19)
(9.88605 -0.033771 5.68556e-17)
(5.18359 -1.03825 -6.5938e-18)
(8.35431 -1.27837 -1.07411e-18)
(4.81391 -0.803093 1.91268e-18)
(9.42005 0.0534285 0)
(6.54076 4.71529 1.71754e-18)
(9.09652 -0.0258592 6.20504e-19)
(11.1527 0.882902 3.26166e-17)
(11.5848 0.752222 0)
(11.1256 -1.35116 2.35503e-18)
(11.639 0.457856 0)
(8.57136 -1.16826 3.57873e-18)
(7.75842 -1.12234 0)
(8.05739 -0.507753 2.56042e-19)
(10.5152 -1.12688 0)
(9.24139 -0.339912 0)
(8.56366 -1.19546 -2.70368e-18)
(8.10512 -1.25576 5.54145e-18)
(5.31308 -0.802103 -2.84696e-18)
(9.99 -1.34145 0)
(9.11873 -0.0500359 2.17693e-17)
(9.21581 -0.261536 2.63309e-17)
(4.78905 -0.86465 -7.46925e-18)
(8.12781 -0.461931 -5.08596e-18)
(7.51265 -1.25095 4.32752e-18)
(6.0285 -0.840617 1.04116e-17)
(7.57879 -1.20986 -4.53146e-18)
(7.12061 -0.392976 6.78276e-18)
(11.6125 -1.35922 -1.10023e-17)
(7.13098 -0.208577 -2.18075e-18)
(7.5077 -1.03326 -2.29817e-18)
(7.55265 -1.03017 1.92228e-18)
(7.48903 -0.995391 0)
(7.47358 -1.01793 3.33815e-20)
(11.1958 7.28561 0)
(10.183 4.21342 1.24483e-17)
(8.7728 -1.33964 0)
(6.66944 0.0342271 -5.77455e-17)
(8.53353 -1.31464 -7.15083e-18)
(8.66342 -0.251131 0)
(8.10549 -1.26693 4.32451e-20)
(8.72398 -0.267746 7.94701e-19)
(7.07465 0.00629645 -9.48322e-17)
(8.85619 -0.132075 -1.01954e-20)
(8.60497 0.0383854 1.44018e-17)
(8.65001 0.0278298 -2.13053e-17)
(8.80237 -0.167677 -9.42825e-18)
(8.81942 0.399271 -2.48022e-18)
(6.58352 -0.878369 -7.74896e-19)
(8.92342 -0.661252 6.68426e-19)
(9.584 0.0204268 0)
(8.39726 -1.2782 0)
(7.70044 -0.129352 -1.43909e-18)
(8.90329 0.427281 -8.13744e-19)
(6.4072 0.0175 0)
(3.9119 -0.52394 -4.36553e-18)
(11.2853 6.1635 -2.07662e-17)
(8.94088 0.479892 1.75632e-18)
(7.80792 -0.706636 6.68888e-18)
(8.22218 -0.478992 2.13247e-18)
(11.3528 -0.936774 0)
(7.33277 -0.164035 0)
(9.12294 -0.474652 -1.64379e-17)
(11.8056 -1.0446 0)
(6.06701 -0.541087 -3.72051e-18)
(10.4908 -0.887444 0)
(9.9207 -0.894794 0)
(9.17935 -0.371457 -2.86738e-18)
(10.0121 -0.956054 0)
(9.96654 -1.07002 -3.82108e-18)
(6.44953 -0.478943 1.3619e-18)
(6.65154 -0.401241 3.86051e-18)
(10.4878 -0.710399 0)
(10.5923 -0.81433 5.44778e-18)
(9.09507 0.54159 -1.83066e-17)
(10.5979 -0.73025 0)
(9.18977 0.525335 3.78193e-17)
(9.5855 0.184256 9.39637e-18)
(8.88529 0.0918241 -1.64108e-17)
(9.17106 -0.0103427 -4.75298e-19)
(9.13792 0.284285 -4.90974e-17)
(7.01571 0.0149788 -9.62475e-17)
(8.69784 -1.41625 0)
(6.49378 0.00621429 -8.0912e-17)
(9.03731 0.460705 4.12386e-18)
(10.1042 0.109388 1.59018e-17)
(9.77898 0.140658 3.00395e-17)
(9.51325 0.0234773 -2.69703e-17)
(10.0689 -0.0354238 -5.72344e-17)
(9.81501 0.201645 0)
(7.08345 -0.0959023 -2.58332e-16)
(9.78397 -0.191259 5.11025e-17)
(12.2774 0.143239 7.31884e-18)
(6.59001 0.0138095 0)
(8.89374 0.113677 -4.29176e-17)
(12.422 -0.283347 1.17171e-17)
(10.2737 -0.537786 -1.61306e-17)
(7.38712 -1.21606 -4.51606e-18)
(9.30768 0.392087 2.12394e-17)
(10.1024 6.5036 -2.76732e-18)
(9.29798 0.305027 -9.44332e-17)
(8.75494 -0.629914 -2.23468e-18)
(8.59497 -0.525355 1.16037e-17)
(7.44967 0.629173 -1.50266e-17)
(10.8487 6.64731 -8.61123e-18)
(8.55624 -0.721742 -4.35492e-18)
(6.58903 -0.224384 0)
(9.54535 0.116569 0)
(9.62383 -0.131756 -5.75482e-17)
(6.81618 0.248842 0)
(6.35243 -0.132833 1.43263e-16)
(8.89862 0.216008 -8.59213e-17)
(6.36425 0.0974436 0)
(8.92612 -0.210028 0)
(6.43431 -0.00322838 0)
(7.27639 -1.07749 1.30209e-18)
(8.78835 -1.32226 -3.68791e-18)
(9.07474 -0.0965756 -1.99087e-18)
(8.54827 -1.31744 0)
(10.2214 -1.0288 1.0752e-17)
(10.8287 -0.692733 -3.11476e-18)
(9.09173 -0.0575094 0)
(11.9403 -1.35514 4.45765e-18)
(7.32381 -1.15083 1.3461e-18)
(12.1878 -1.22018 1.10771e-18)
(4.00826 -0.592096 1.30394e-17)
(5.48889 -0.84845 8.81356e-18)
(7.40404 -1.05144 0)
(7.35848 -1.04951 -1.20396e-18)
(11.8348 -1.36127 -7.09898e-18)
(7.90963 -0.941218 0)
(8.8551 -0.0350426 3.81697e-17)
(8.89811 -0.0246622 -1.82519e-17)
(7.95401 -0.687599 7.74582e-18)
(8.86271 -0.0245034 0)
(10.2237 -1.47749 -3.48303e-18)
(8.97883 -1.42977 0)
(6.68161 -1.2291 1.90317e-19)
(7.89258 -0.645545 5.31159e-19)
(9.21155 -1.401 1.05776e-18)
(6.13682 0.354417 -5.27166e-18)
(6.47494 -1.22797 -2.63205e-18)
(6.59172 -0.0668546 9.32148e-17)
(6.50268 4.18199 -1.27234e-18)
(6.20049 0.192708 -4.9605e-18)
(9.4747 -0.701651 1.15952e-17)
(6.47614 0.16748 4.99211e-18)
(6.75765 0.30514 0)
(9.07085 0.179639 3.2331e-17)
(12.3661 -1.07923 1.87604e-18)
(8.25337 -1.14251 0)
(4.49744 -0.699293 0)
(8.75999 0.04079 7.92406e-18)
(8.67911 0.047408 -6.0243e-18)
(6.51887 -0.974917 -3.37887e-18)
(5.92642 -0.989003 -7.82605e-19)
(6.83186 1.16899 3.61043e-17)
(8.48074 0.744309 -1.77467e-17)
(8.27042 -1.17448 -1.2988e-18)
(7.49691 0.470794 1.45692e-17)
(7.3092 1.93987 -3.52748e-18)
(5.00415 -0.91201 0)
(6.89253 -0.993412 -7.58894e-18)
(4.92598 -0.916094 1.60311e-18)
(7.48179 2.20239 5.1872e-17)
(6.11859 -0.994423 -3.01377e-17)
(8.22196 -1.21995 1.48507e-18)
(7.58086 1.58417 1.99592e-17)
(4.05103 -0.648786 9.42754e-19)
(7.4971 0.125196 -2.56653e-17)
(9.0661 0.290742 0)
(8.61359 -1.01405 1.85757e-18)
(7.6681 0.132244 0)
(9.14931 0.255508 2.37461e-17)
(8.15449 -1.26921 -1.67027e-19)
(8.15494 -1.30733 1.41504e-18)
(7.48259 -0.659977 6.01938e-18)
(8.84482 -0.18153 2.57488e-18)
(8.18554 -1.2802 1.67784e-19)
(12.1061 -0.943801 6.05946e-18)
(9.00984 0.170144 2.52247e-17)
(9.76755 -1.01337 -2.27806e-18)
(7.85451 5.74364 0)
(5.80357 4.04494 1.49888e-18)
(8.08244 -1.30633 -1.62677e-18)
(10.7207 -1.02224 -2.5998e-18)
(7.8807 -0.577883 0)
(12.5088 -1.05462 8.22171e-20)
(10.6343 -1.03278 0)
(10.286 -0.704284 0)
(9.63791 -1.27201 1.02077e-20)
(9.56654 -1.29663 -3.34415e-18)
(7.66184 -0.815189 -4.28907e-18)
(12.6454 -0.877538 0)
(6.05777 -1.04123 -2.67018e-18)
(7.95693 -0.522549 0)
(12.7582 -1.18645 -4.95934e-18)
(9.58404 -0.110227 -1.41253e-17)
(10.2529 -1.04942 -5.6605e-18)
(12.8846 -0.848877 3.2967e-18)
(9.55959 0.633191 2.21546e-17)
(7.25725 -1.29712 4.85242e-19)
(6.58762 -1.11138 0)
(6.55487 -1.11278 -2.80018e-18)
(8.20795 -1.35562 3.96089e-18)
(8.61124 -0.780317 0)
(10.0071 -0.0229716 7.50224e-18)
(8.18305 -1.20689 -1.56317e-18)
(9.41368 0.469764 -1.49405e-17)
(9.41885 0.559677 -2.17059e-17)
(9.89048 -0.526592 0)
(9.05778 -1.28818 0)
(9.93582 5.66949 7.29127e-18)
(8.76841 0.127866 3.51631e-18)
(7.26074 -1.22335 -5.31823e-18)
(7.39243 -1.21871 5.70707e-18)
(8.82901 0.135725 1.53424e-18)
(4.83551 -0.818358 -3.71231e-18)
(9.14724 0.0147889 -4.36093e-17)
(9.07797 0.0121989 -1.01678e-16)
(7.19373 -1.21964 -4.69301e-18)
(9.07329 -0.00593103 7.66365e-17)
(7.62593 -0.927534 -2.75466e-18)
(9.07348 -0.037105 -4.7834e-17)
(9.82206 0.146875 3.73612e-17)
(9.70101 0.210916 -2.78206e-18)
(9.09361 -0.0078118 7.74182e-18)
(9.09745 0.033883 1.22095e-16)
(7.09834 -1.22611 8.30553e-19)
(8.63056 0.180638 1.86952e-17)
(10.0269 0.270647 -5.78951e-17)
(9.20372 0.107738 -6.31303e-18)
(8.708 -0.15258 5.55127e-18)
(6.19658 -0.109321 0)
(8.8041 -0.234148 0)
(8.78599 -0.199736 -3.2159e-18)
(9.49791 -1.39407 0)
(9.69175 -1.41284 0)
(7.60532 -1.24209 -4.78129e-18)
(6.38939 -1.11912 -6.08515e-18)
(11.1895 -1.40174 5.94618e-18)
(9.1509 -0.282319 2.60071e-17)
(9.12468 -0.343966 -1.80348e-17)
(10.4702 -1.41855 -6.59527e-18)
(8.91204 -1.2219 -1.058e-17)
(9.98293 -0.561853 -4.64004e-18)
(6.75518 -1.19987 2.79846e-18)
(8.14977 -1.23541 -6.35112e-19)
(7.02127 -0.638125 -4.32469e-18)
(7.96743 0.704504 5.39718e-17)
(8.01244 0.411764 -6.09877e-18)
(6.85364 -0.715522 3.08824e-18)
(9.32322 0.0754229 1.02147e-17)
(6.91067 -0.660135 3.54742e-18)
(6.72925 -0.30273 -4.5133e-18)
(10.0125 6.01589 2.67389e-18)
(7.49076 -1.26081 0)
(6.65911 -1.15066 3.16946e-18)
(9.46671 -0.482313 -1.09427e-17)
(6.6378 -0.221757 -1.34138e-17)
(11.2683 3.24193 1.31667e-18)
(7.57169 -1.26307 -5.56481e-19)
(7.87343 -1.28631 0)
(8.55315 -1.35077 0)
(9.60669 0.0410876 -1.99516e-17)
(5.33154 3.82294 1.13388e-19)
(9.54178 -0.544306 0)
(9.66638 -0.522513 0)
(10.5055 -1.0629 4.16846e-18)
(7.29897 1.13285 2.37337e-17)
(9.96954 -0.687671 9.72192e-18)
(10.0848 -0.497507 9.77749e-18)
(8.47268 -1.41559 0)
(10.4083 -0.929078 0)
(10.655 -0.47517 -1.2435e-17)
(10.3371 -1.01766 0)
(7.23932 -1.19805 1.15922e-18)
(6.28008 -1.08275 -6.28271e-18)
(13.5299 0.78483 -1.09935e-17)
(9.10991 -0.52859 3.39971e-19)
(6.18324 -0.957677 1.51529e-17)
(9.0751 -0.184323 0)
(9.82946 -0.0932697 -4.46813e-17)
(9.13476 -0.237996 0)
(10.2346 -0.0749673 -1.1925e-16)
(7.07602 -0.0537325 1.33211e-16)
(8.95771 -0.110818 3.64957e-17)
(8.95796 -0.0704068 -2.1944e-17)
(10.4029 -0.0357424 0)
(4.35843 -0.694224 -1.50009e-17)
(8.84721 0.0558718 2.10965e-17)
(8.22364 -0.821163 -4.42576e-18)
(6.7528 -1.2983 0)
(8.15664 -0.787295 -2.62644e-18)
(7.23464 -1.38896 7.94001e-19)
(7.42739 -1.12134 0)
(7.42051 -1.09045 2.6706e-18)
(7.47387 -1.08417 -2.43796e-18)
(8.92885 2.25502 3.99388e-18)
(9.53618 2.75456 9.49225e-18)
(8.88945 -0.0807485 -4.55434e-17)
(9.03443 0.0911219 -4.92689e-17)
(8.53045 -0.910323 -5.30261e-18)
(8.07441 -1.19307 -5.72658e-19)
(8.35452 -0.38478 2.97044e-17)
(8.27935 -0.324249 0)
(10.1215 -0.395418 0)
(8.53156 -0.201264 -4.34902e-18)
(8.1063 -1.19579 1.13476e-18)
(8.49813 -0.126633 0)
(8.40547 -0.183566 0)
(8.45305 -0.101424 2.72998e-18)
(7.4837 -1.18968 -5.1162e-18)
(8.99217 0.106726 0)
(6.66144 -1.16992 7.44637e-18)
(9.01498 0.0867251 7.54849e-19)
(9.13408 1.75684 -4.18433e-18)
(7.78747 -1.30721 6.90012e-18)
(6.71728 -1.33532 -2.85901e-18)
(8.38795 -0.90029 0)
(8.5242 0.108284 -2.14794e-17)
(8.05627 -1.33711 0)
(9.40854 0.192826 -1.20578e-17)
(10.3785 -1.27199 1.50978e-18)
(9.26892 3.55068 -8.59376e-18)
(8.4647 -0.947186 0)
(9.07239 -0.1554 5.74569e-17)
(4.38919 -0.735575 0)
(9.81264 0.813783 8.90544e-18)
(8.33925 -0.999029 0)
(9.02834 0.077331 0)
(8.08209 -1.37442 0)
(9.73059 -0.220501 9.16794e-18)
(8.17835 -1.30874 0)
(7.93527 -1.38081 0)
(9.14999 -0.0241872 -6.21993e-19)
(8.15089 -1.07139 -2.79643e-18)
(9.06319 0.0591306 -3.1476e-17)
(8.3538 -1.11551 -2.2903e-18)
(9.84629 -0.186141 0)
(5.41113 -1.32779 -1.16241e-18)
(8.22398 -1.07928 1.55364e-18)
(9.22852 0.246497 4.7705e-17)
(9.29707 -0.533583 2.55164e-17)
(7.09019 -1.21678 2.07378e-18)
(9.18531 0.0445673 0)
(7.98354 -1.29568 -5.42555e-18)
(8.35537 -0.474636 -8.63042e-18)
(8.58565 -0.0788364 2.22557e-17)
(7.97019 -1.29989 6.9247e-19)
(7.65642 -1.5059 1.60867e-18)
(7.31832 -0.912445 0)
(7.30334 -0.940432 0)
(6.22284 1.37317 -4.67761e-18)
(11.0586 2.49356 -3.74788e-17)
(11.5007 1.96385 3.46009e-17)
(8.70307 -1.34241 0)
(4.77413 0.549752 -2.2468e-17)
(11.9088 1.65927 -5.9379e-18)
(8.89989 -0.0281486 1.8228e-17)
(10.4276 -1.33531 6.75384e-18)
(9.62097 0.179762 -6.72217e-18)
(8.82603 -0.0471254 7.712e-18)
(6.03448 5.07344 -6.61041e-19)
(8.91185 -0.0202787 -5.43951e-17)
(8.17763 -1.31018 -5.13249e-18)
(5.73065 -0.911811 0)
(9.20922 -1.33435 0)
(11.2878 -1.33548 -8.58305e-19)
(6.48188 -0.833412 1.24102e-17)
(6.46495 -0.906149 -1.27113e-17)
(15.3317 0.974657 0)
(10.3928 -1.32567 -5.2227e-19)
(7.77239 -1.3086 0)
(8.39414 -1.34649 0)
(9.9066 -1.43265 -6.54384e-18)
(9.14085 -1.41537 0)
(9.01031 -0.115155 2.82883e-17)
(10.3042 -1.43588 2.64842e-18)
(10.1001 -1.44424 0)
(9.04265 0.397907 0)
(7.54238 0.944049 -1.98095e-17)
(8.99438 0.0355809 -2.83151e-17)
(9.0903 0.378193 0)
(8.84462 -0.125275 1.08289e-18)
(8.81222 -0.14859 -3.37236e-18)
(7.72173 -1.23119 1.06117e-19)
(9.6182 -0.0175259 -7.76716e-17)
(8.11664 1.15304 6.25998e-18)
(10.1058 0.0505553 0)
(9.42068 -0.0382036 0)
(7.82253 -0.538871 -1.90211e-18)
(8.73494 -1.3812 3.53449e-18)
(6.95871 -0.378647 -9.33616e-19)
(7.34346 1.0842 -1.14117e-17)
(3.77988 -0.704139 0)
(8.10544 -1.28307 0)
(10.2212 2.51144 4.55949e-18)
(8.08043 -1.2636 1.34907e-18)
(8.85953 -0.0876098 4.43414e-17)
(8.04741 -1.28506 4.2213e-19)
(9.00306 0.0299242 -4.27687e-18)
(8.10508 -0.87655 2.0763e-18)
(10.4002 -0.787925 5.33767e-18)
(10.3156 -0.791766 -6.18115e-18)
(8.89391 0.0937944 -4.08264e-17)
(8.98944 0.14284 -8.40454e-18)
(11.2819 -0.504045 2.52575e-19)
(11.2582 -0.665956 0)
(10.0536 -1.42875 0)
(9.52378 -1.25574 -7.12775e-18)
(7.49298 -1.53446 9.2998e-18)
(8.97139 0.00941159 0)
(8.51414 -0.0760832 2.21765e-17)
(9.92335 -1.20068 -5.29806e-18)
(6.5617 -0.958451 -6.43037e-18)
(8.53989 -0.0994405 -2.1054e-17)
(9.52176 -0.0476387 -5.6361e-17)
(8.93485 -0.0658595 7.0098e-17)
(3.39045 -0.613168 0)
(6.04035 -1.0518 7.88236e-18)
(15.5531 2.35839 0)
(9.37546 -0.0401134 0)
(15.8852 1.57227 -8.53943e-18)
(15.3939 -0.71557 1.73145e-17)
(9.43617 0.0075514 -2.16171e-17)
(9.7077 -0.0612099 6.49569e-17)
(9.60905 -0.0051489 3.19929e-17)
(9.65242 -0.0403076 -1.82306e-17)
(9.41115 -1.45151 3.17414e-18)
(8.84195 -1.42996 -1.67877e-18)
(9.87413 -1.2095 2.68052e-18)
(8.18534 -1.10032 -9.83212e-19)
(8.18031 -1.12547 2.24296e-18)
(8.83939 -0.113848 2.06685e-17)
(8.99127 -0.0997061 0)
(12.5209 3.80526 0)
(8.83931 -0.0976958 0)
(6.53312 -1.5004 -5.37886e-19)
(7.52443 1.26143 -8.53688e-18)
(9.64021 0.145868 -3.35763e-17)
(9.09855 -1.38395 0)
(9.87244 -1.18833 0)
(10.1814 -1.11719 6.66144e-18)
(8.68928 -0.0556526 -1.05308e-17)
(8.83849 -0.0453961 1.72254e-18)
(9.00023 0.0354409 4.87477e-18)
(7.58842 -1.34553 0)
(8.92949 0.107426 -4.05528e-17)
(8.8566 -0.0107815 -4.04107e-18)
(5.22443 -0.876772 0)
(12.7002 5.611 1.74673e-17)
(9.98685 -1.1554 0)
(8.57157 -1.35898 0)
(6.62269 -1.14406 -7.06995e-18)
(9.47926 -1.42812 0)
(6.27071 -1.04839 1.54303e-18)
(8.9493 0.126466 0)
(8.0521 -0.893877 2.68958e-18)
(8.10255 -0.833245 4.0456e-18)
(4.94168 -0.0541752 2.51231e-17)
(8.81032 -1.34606 -1.95702e-18)
(8.97182 -1.18209 0)
(8.19278 -1.50704 -1.09065e-17)
(14.1654 6.8596 0)
(7.69605 -1.22203 0)
(7.7563 -1.20668 -1.41936e-18)
(8.31365 -1.3117 0)
(7.77788 -1.15033 2.82846e-20)
(8.26592 -1.11179 -2.53208e-18)
(8.28316 -1.33765 -2.39583e-18)
(6.32087 -1.8564 2.24824e-18)
(8.43365 -1.37739 5.92066e-18)
(9.72324 -1.39744 0)
(9.80628 0.245179 2.98589e-17)
(9.90145 -0.00295818 2.81698e-17)
(9.22937 0.00781794 0)
(10.0678 0.0580453 1.40728e-16)
(7.08337 -1.28778 -3.31269e-18)
(7.32965 -1.29541 0)
(7.10518 -1.03009 1.45406e-18)
(9.0186 -0.0474912 0)
(9.71638 -1.36918 5.69104e-18)
(8.15102 -0.924786 -2.70721e-18)
(3.00756 2.00201 -1.12341e-18)
(10.0376 -0.0241782 -1.53409e-16)
(8.96806 0.152346 0)
(8.96042 0.154584 0)
(7.72664 -0.421512 -9.21266e-18)
(7.68085 -0.34783 1.92786e-18)
(14.1079 -0.396763 -7.06807e-18)
(9.64202 0.234208 -3.72444e-17)
(10.0047 0.447817 4.42453e-17)
(10.3165 0.413166 5.6121e-17)
(8.20804 -1.0393 1.36188e-18)
(8.85084 -0.00639968 -3.8239e-17)
(5.99082 -1.73586 3.39058e-18)
(7.9796 -1.29835 0)
(4.90847 -2.71123 0)
(7.2847 0.618491 -3.6707e-18)
(7.7492 0.846251 -1.62254e-18)
(8.78544 0.0392938 1.1716e-17)
(10.1026 0.0253888 -2.80254e-17)
(7.57869 0.806723 1.40142e-17)
(5.08422 -1.56907 3.69373e-18)
(8.94081 0.0661966 -4.88801e-17)
(8.92975 1.37516 -1.01951e-17)
(8.59955 -1.242 1.02383e-18)
(7.73086 -0.418009 2.33989e-19)
(8.13684 -1.29784 0)
(6.18859 -0.985233 0)
(7.36922 -1.27427 0)
(4.86884 -0.801767 0)
(9.19224 -0.0183602 4.68073e-17)
(7.72269 -1.12436 -1.46061e-18)
(7.76288 -1.12217 0)
(9.10491 -0.0323347 -1.98753e-17)
(9.16111 -0.0587005 -1.20699e-17)
(8.93534 0.2015 -2.67374e-18)
(7.39125 -0.891496 4.50322e-18)
(9.90421 -1.13352 4.28544e-18)
(9.83431 -1.15988 -3.33526e-19)
(9.56193 0.837301 4.87181e-18)
(8.9302 0.163998 1.29985e-19)
(10.3669 0.285797 -1.16771e-17)
(8.85595 -0.031878 2.88821e-17)
(8.84679 -0.0287777 0)
(8.20948 -0.943494 1.7902e-18)
(7.82896 -1.27409 3.41754e-18)
(7.82336 -1.21942 -3.67569e-18)
(9.47464 -0.019572 -1.93779e-18)
(8.24017 -1.00438 -2.24139e-18)
(8.22823 -1.29216 -2.67528e-20)
(8.37983 -1.46316 0)
(9.41442 0.0569097 0)
(7.12073 -0.909102 -2.32068e-18)
(8.95809 0.096614 1.34443e-17)
(7.19672 -0.852087 -3.97597e-18)
(7.09113 -0.889246 -2.19826e-18)
(5.40247 -0.990194 0)
(7.12335 -0.866905 5.76473e-18)
(8.88689 -0.0406058 0)
(8.86583 -0.0277786 1.30989e-17)
(9.39923 0.258562 -1.42318e-17)
(10.3012 0.504982 4.6068e-17)
(9.39537 0.888651 -2.19688e-17)
(8.85449 -0.0806042 -4.94029e-17)
(8.84963 -0.0512592 -1.70595e-17)
(5.83692 1.10947 1.99182e-17)
(8.84028 -0.0767771 -1.46505e-18)
(8.84554 -0.0648219 1.70486e-17)
(9.36475 1.10544 1.24089e-17)
(5.42899 1.40279 -8.42387e-19)
(7.53694 -0.877176 -8.91501e-19)
(7.56836 -0.829556 -7.18932e-19)
(9.23257 -1.30809 0)
(9.00786 5.76423 0)
(6.90726 4.02522 1.30128e-18)
(5.52749 -1.06109 1.47288e-18)
(9.77592 -0.615682 3.62606e-18)
(3.69725 -0.646795 3.8221e-18)
(9.97163 -1.45251 0)
(8.41208 -0.312794 -1.24048e-17)
(8.92503 0.301591 -4.02991e-18)
(9.66843 -1.37658 0)
(9.2364 -1.31486 8.70642e-19)
(8.11302 -1.1303 1.0724e-18)
(8.07565 -1.14533 -2.45649e-18)
(8.08411 -1.06784 -3.10178e-18)
(8.11963 -1.08408 2.79659e-18)
(8.01491 -0.667692 -1.33115e-17)
(6.0319 -0.439114 8.60486e-18)
(6.99084 -0.859263 0)
(8.00307 -0.798299 2.21185e-18)
(8.05994 -0.712492 3.1488e-18)
(10.312 -0.0227456 7.93345e-17)
(8.76936 0.0172552 9.46614e-18)
(8.70543 -0.00261347 0)
(6.70295 -0.82097 9.64095e-19)
(5.31533 -0.892637 3.27598e-18)
(3.54989 -0.711364 3.40751e-18)
(8.39113 -1.05242 1.31332e-18)
(14.3053 -0.433258 2.00824e-17)
(7.41906 -0.64175 0)
(4.0334 -0.713644 -2.0693e-18)
(11.1851 -1.40522 -7.17466e-18)
(10.558 -1.44124 3.48589e-18)
(8.04878 -0.784497 -2.18134e-18)
(3.58728 -0.437166 -1.5463e-18)
(8.90803 -0.32508 1.35309e-17)
(10.2728 -0.0589493 -8.56047e-17)
(9.68454 -0.34199 3.83938e-17)
(9.06014 0.214993 -8.63948e-19)
(6.90133 -0.753423 3.06449e-18)
(3.70539 -0.487377 -1.41972e-18)
(6.96453 -0.989991 1.57857e-19)
(9.94443 -0.0163293 1.21341e-17)
(9.97436 -0.0284128 -1.22222e-17)
(6.05249 0.0624671 -8.83459e-19)
(7.45884 -0.0300781 1.34057e-19)
(6.99675 -0.738179 -2.59601e-18)
(6.81883 -0.813832 0)
(7.89778 -1.40006 -5.59226e-18)
(7.43685 -1.16364 3.43694e-18)
(8.15733 -0.225066 -2.77019e-18)
(6.45669 -1.11778 -6.1816e-20)
(6.15424 -1.07981 -2.31883e-18)
(7.24344 -1.21134 3.01714e-18)
(6.8859 -1.18458 2.1056e-18)
(7.29945 -0.850658 3.37862e-18)
(7.26938 -0.829941 1.7367e-18)
(8.74 -1.28286 1.93327e-18)
(7.61704 -1.2878 0)
(6.41379 -1.02144 0)
(9.73139 -0.398684 6.8889e-18)
(9.17614 -1.43726 -1.09123e-17)
(8.49621 0.167091 -2.26906e-18)
(8.20449 -1.15223 0)
(6.83533 -1.46237 2.60843e-18)
(10.8359 -1.22966 0)
(9.44094 -0.0173285 7.22917e-17)
(8.32228 -0.98616 0)
(8.24822 -0.896404 -2.65285e-18)
(6.48387 -1.43894 -1.09583e-17)
(7.47625 -0.665457 3.45932e-18)
(9.16102 0.351019 0)
(4.24822 -0.824352 -1.04195e-17)
(10.253 0.251069 1.1146e-16)
(10.3238 0.140348 -1.01733e-16)
(5.66627 -0.991825 -2.71155e-18)
(5.99089 -0.583531 -5.72587e-18)
(9.07032 0.0597226 5.44873e-17)
(8.8072 0.0604389 -7.71825e-18)
(8.86443 0.0183555 7.3943e-18)
(8.79909 0.0218604 1.78357e-18)
(8.7493 0.0667602 -1.84717e-18)
(7.93047 -1.30082 -1.56033e-18)
(8.53224 0.0225554 -8.05551e-18)
(9.42205 -0.0262757 -1.22571e-17)
(6.46537 0.0161948 1.52528e-17)
(8.55061 -0.0120228 1.09016e-17)
(6.83048 -1.18103 1.45772e-17)
(5.19291 -0.95573 3.80191e-20)
(8.55144 -0.0649681 -1.3112e-17)
(9.86363 -0.399421 -1.16181e-17)
(9.08691 0.0357412 0)
(9.07184 0.0325444 5.68503e-17)
(10.4989 -0.0687612 0)
(10.3205 -0.1697 0)
(7.32166 -1.2513 -1.54734e-18)
(6.92678 -1.16641 2.96224e-18)
(5.43487 -1.38086 0)
(9.86482 -1.44147 2.34047e-18)
(6.23565 -1.0755 0)
(6.01581 -1.04081 3.76011e-18)
(5.1161 -0.604935 -1.20788e-17)
(4.54218 -0.776757 -1.67625e-17)
(8.86862 0.038224 -2.12702e-17)
(8.92994 0.0387438 1.44117e-17)
(7.05087 -0.953368 -7.69331e-19)
(10.0559 -1.38813 3.95069e-18)
(7.41499 -0.851675 -5.32547e-18)
(3.79753 -0.645691 2.10862e-19)
(5.04543 -0.6487 8.81943e-18)
(5.83412 -0.557751 0)
(13.2158 2.88118 -2.54671e-17)
(3.15464 -0.556028 0)
(8.852 -0.431349 9.4562e-18)
(8.29315 -0.373077 5.93969e-18)
(6.3417 -0.830682 -7.307e-18)
(6.73393 -1.16018 0)
(6.85769 -1.16765 2.49353e-18)
(7.15472 0.286513 2.12747e-17)
(6.46201 -0.587679 -1.33011e-17)
(7.32889 -0.0925536 -1.30228e-17)
(8.02466 -0.581032 5.09668e-18)
(8.45263 -1.08387 4.81407e-18)
(7.55049 -1.27835 0)
(8.16395 -1.35895 0)
(8.07335 -1.34078 0)
(10.3336 -1.06315 -2.95983e-18)
(6.45497 -1.14024 1.87055e-18)
(5.98914 -1.02078 0)
(5.54845 -1.13746 -1.24361e-18)
(10.2761 -0.954563 0)
(9.29911 0.141851 1.04965e-16)
(8.69189 -0.751056 0)
(10.3545 -0.00278493 9.17437e-17)
(7.43209 -1.24176 -3.82067e-18)
(14.2632 -1.17689 6.27571e-18)
(8.67981 -0.51796 -1.62995e-18)
(8.81301 -0.591688 1.77872e-18)
(6.58208 -1.08567 -1.00449e-20)
(9.252 0.755533 0)
(7.15068 -1.18573 -1.78675e-18)
(9.28505 0.618699 -5.21317e-18)
(8.39725 0.544648 0)
(7.8621 -1.21765 6.45623e-19)
(7.28918 -1.22246 4.72314e-18)
(10.6024 -1.37862 1.42784e-19)
(7.01122 0.141597 -1.01327e-17)
(8.29924 0.474639 5.09377e-18)
(5.18272 -0.303094 2.9956e-17)
(5.5433 -0.288876 -2.1773e-17)
(9.26473 0.0871991 -6.22729e-17)
(9.18067 0.0595136 0)
(8.16379 0.382498 0)
(6.90815 -1.17388 -4.15453e-18)
(10.6605 0.326878 0)
(6.4868 -1.10517 0)
(7.7199 -1.2687 3.849e-18)
(9.39765 -1.38293 0)
(10.0039 -0.0453648 1.22479e-20)
(9.59349 0.00329254 -3.37636e-17)
(4.22337 -0.664885 1.9657e-18)
(8.05171 -1.23363 7.00743e-19)
(9.41474 -1.3875 -4.72255e-18)
(6.74284 0.44672 0)
(8.05724 -1.17107 0)
(5.87379 -0.992654 9.64924e-19)
(9.24833 -1.39178 3.11083e-18)
(8.2456 -0.253029 1.31241e-17)
(8.10896 -1.32463 -3.77572e-18)
(8.31961 -0.155713 -1.08471e-17)
(7.75981 -1.26073 1.87992e-18)
(6.34717 0.516876 4.72159e-18)
(7.94487 -1.25235 2.68732e-18)
(9.3632 -1.29645 -1.84098e-18)
(7.33996 -1.16563 -4.16937e-18)
(9.1295 0.127912 3.22375e-17)
(7.95385 -0.86319 2.9147e-18)
(9.15033 -0.0361043 3.40752e-17)
(9.12175 0.088008 -4.99238e-17)
(9.02873 -0.0287348 -4.95041e-17)
(5.90696 -1.03566 -4.98396e-19)
(9.20958 -1.33065 5.91063e-18)
(8.02201 -1.24226 -1.38734e-18)
(10.524 -0.497256 1.1167e-17)
(7.98677 -1.2112 -1.48103e-18)
(8.01334 -1.18091 0)
(10.7235 0.51621 0)
(11.0306 0.598119 -1.23206e-17)
(8.23592 -1.30731 0)
(7.63597 -1.28084 -2.44914e-18)
(8.15546 -1.29747 0)
(9.3266 -1.29971 3.62982e-18)
(6.44725 -1.06259 8.93002e-19)
(7.38491 0.272611 1.64963e-17)
(5.50409 -0.99817 0)
(4.28056 -0.727692 0)
(8.40345 -1.38993 0)
(8.11299 -1.46656 -5.91455e-19)
(9.03438 0.281882 4.30221e-18)
(9.02995 0.235953 -3.44115e-17)
(8.92728 0.110474 0)
(9.0662 0.138982 -3.721e-17)
(8.9212 0.121171 -1.32262e-17)
(8.00383 -1.35434 -6.90031e-19)
(7.35382 -1.23594 5.79918e-18)
(7.95601 -1.28033 1.37901e-18)
(6.49594 -1.13137 2.77607e-18)
(9.59646 -0.0680867 6.94471e-17)
(6.704 -1.11956 -4.1832e-18)
(9.85148 -0.032414 0)
(6.36637 -1.07552 -1.36242e-18)
(5.59606 -0.480213 -9.51126e-18)
(3.84086 -0.651832 -3.46877e-18)
(5.83438 -0.540838 9.53099e-18)
(6.5134 -1.14876 -3.42678e-18)
(3.54342 -0.582483 0)
(6.84087 -1.17175 0)
(5.8935 -0.907251 -1.13717e-17)
(4.59237 -0.472527 1.37177e-17)
(7.22958 -1.22294 1.06639e-17)
(8.69841 -0.467548 6.43776e-18)
(8.15945 -0.638677 -7.41028e-18)
(8.12228 -0.714764 -3.45941e-18)
(7.32702 -0.454138 -4.63223e-18)
(7.27442 -0.416434 -3.63411e-18)
(8.19042 0.000895609 -3.0695e-17)
(8.15137 0.115895 -7.68781e-18)
(11.0879 -1.38672 -3.16689e-18)
(7.22516 -1.24287 -3.61192e-19)
(11.3078 -1.31302 0)
(7.19246 -0.461171 -5.05332e-18)
(9.0169 0.0797365 0)
(8.75306 -0.42539 -1.43326e-17)
(11.3649 -1.34036 6.03381e-18)
(3.46867 -0.648299 5.21273e-18)
(8.61826 -1.35478 -2.4918e-18)
(9.26324 0.0672698 -9.9201e-18)
(7.90386 -1.29429 4.59893e-19)
(7.7563 -1.2665 0)
(8.76289 -0.596181 8.00889e-18)
(8.8683 0.212057 0)
(6.0629 -0.993841 -1.41655e-18)
(3.84366 -0.646205 7.38346e-18)
(5.74411 -0.993569 8.27157e-19)
(10.4416 0.71908 -1.89698e-17)
(4.60794 -0.800118 0)
(8.94032 -0.0425238 -3.18268e-17)
(8.9334 0.349507 -5.82202e-19)
(9.6829 -1.12467 0)
(9.01442 -0.0541728 4.38546e-18)
(9.07562 -0.0524372 -2.28825e-17)
(5.44507 -0.960413 3.73613e-18)
(2.97161 -0.582907 4.67941e-18)
(9.68036 -1.06539 -7.85174e-18)
(8.17494 -1.17974 2.41565e-18)
(7.50452 -0.523099 -3.43451e-18)
(11.5849 -0.74741 -3.88943e-18)
(6.86766 -1.16421 2.81199e-18)
(8.56725 2.1995 -1.17209e-17)
(9.0406 0.010315 2.68649e-17)
(4.75592 -0.859693 1.85734e-18)
(7.82959 2.99681 -6.67982e-19)
(10.091 -1.12549 1.70997e-18)
(10.1524 1.84261 -8.04188e-18)
(10.1147 -1.13897 2.47969e-18)
(9.42756 -1.36446 0)
(7.17782 -1.18952 -1.87631e-18)
(8.48681 -1.25265 0)
(11.5747 -1.37527 6.56528e-18)
(10.2662 -1.40386 4.51662e-18)
(10.955 -1.45938 1.37362e-18)
(8.47093 -1.1469 2.26587e-18)
(7.5452 -0.799057 1.41523e-18)
(7.5469 -0.756111 0)
(9.08582 0.25328 8.12924e-18)
(7.49156 -0.808752 0)
(9.86983 -0.851095 0)
(10.2904 -1.29207 0)
(8.7763 0.178952 -1.1009e-17)
(7.90375 -1.11161 0)
(8.81633 -1.34611 7.64919e-19)
(7.861 -1.11677 -2.20455e-20)
(7.83977 -1.16805 3.80333e-20)
(9.3147 0.0124634 0)
(9.36446 -1.40757 0)
(7.80573 -1.20147 -4.65304e-19)
(6.84781 -0.473118 4.96893e-18)
(6.91768 -0.113324 -1.79164e-18)
(9.02323 0.00447727 -5.15187e-18)
(7.82909 -1.14699 8.48547e-20)
(10.2499 -0.360927 -1.34202e-17)
(9.74233 -1.31834 -6.39481e-18)
(8.41499 -0.532369 4.29713e-18)
(8.74622 -1.32634 0)
(8.87394 0.0231404 2.25641e-17)
(8.88105 0.0240085 2.70907e-17)
(8.95755 0.0262121 1.54151e-17)
(8.76818 -0.280248 -8.09984e-20)
(7.47862 -1.23051 2.20346e-18)
(8.51551 -1.19246 0)
(8.49487 -0.526551 0)
(10.743 -1.10115 -1.26478e-19)
(7.26587 -1.20349 1.89195e-18)
(10.6991 -1.15441 3.8698e-18)
(7.74736 -0.967192 2.67265e-18)
(3.53441 -0.569495 0)
(7.82616 -0.92356 2.57167e-19)
(6.95171 -0.82612 0)
(7.8157 -0.819377 -1.6048e-18)
(10.3307 -1.4125 -4.13733e-18)
(7.78629 -0.768094 -3.85076e-18)
(7.78173 -0.857093 1.08132e-18)
(9.59342 -0.00191601 0)
(9.39806 -1.36382 0)
(8.59963 -0.729007 3.18066e-18)
(7.92564 -0.997193 0)
(6.96643 -1.1467 0)
(10.0563 -1.01579 -6.41628e-18)
(8.84848 -0.100366 9.86851e-18)
(8.611 -1.32224 0)
(7.9287 -1.07241 2.43727e-18)
(8.51963 -1.31234 1.4056e-18)
(7.5884 -0.724149 0)
(8.90166 -1.32175 0)
(7.90858 -1.04046 6.61849e-20)
(8.30429 -1.34145 0)
(5.9372 -1.08782 1.73037e-18)
(7.06718 -0.560381 0)
(8.86606 -1.31649 0)
(7.62642 -1.2466 1.28292e-19)
(7.01109 -0.511522 -2.03995e-18)
(7.69592 -0.853583 0)
(8.0061 -1.15454 0)
(7.6446 -0.825572 0)
(7.1662 0.44785 -1.08762e-17)
(9.22712 -0.110705 0)
(8.37045 -1.31846 -1.64158e-18)
(5.62733 -1.01792 0)
(5.88536 -1.04046 -3.44259e-18)
(9.57301 0.0158133 0)
(8.10419 -1.28355 -2.40712e-18)
(8.96511 -1.30616 -9.09655e-19)
(8.24952 -1.27146 0)
(8.24219 -0.661004 0)
(9.30948 -0.112553 0)
(8.99002 -1.38292 -1.40351e-18)
(6.10476 -0.0691899 -4.13427e-18)
(7.70569 -1.26947 -1.90064e-18)
(7.06488 -1.18797 0)
(8.86056 -0.077494 1.71966e-17)
(8.80093 -0.0118239 3.23957e-17)
(8.96941 0.150845 0)
(8.80827 -0.0724558 -1.72099e-17)
(7.87752 -1.16607 1.6479e-18)
(6.84654 -1.16672 0)
(7.91284 -1.14157 8.79969e-20)
(8.97619 -1.48272 -4.44e-18)
(9.25126 -0.225231 4.79134e-18)
(5.28396 0.901552 7.00716e-18)
(8.88931 -0.0328079 -4.66628e-18)
(9.00844 0.212487 2.14057e-17)
(7.63163 -1.11013 -4.27164e-20)
(9.00845 0.147502 0)
(7.01886 -1.21218 -2.86644e-18)
(9.15919 -0.23716 -2.6339e-17)
(8.11343 -1.22688 6.21986e-19)
(7.70374 -0.897347 0)
(10.0891 -1.33332 3.27633e-18)
(4.12463 -0.676414 -1.85564e-17)
(4.1482 2.04642 0)
(7.8032 -1.09034 -1.73483e-18)
(7.42499 -1.23083 0)
(7.87047 -1.05096 -2.41717e-18)
(9.01348 0.171732 0)
(5.71216 1.75337 -2.31059e-17)
(8.30376 -1.34805 2.79423e-18)
(3.04505 2.34138 6.86617e-18)
(7.84708 -1.08659 1.6575e-18)
(8.97369 -0.195376 0)
(5.67968 -1.07816 0)
(7.00114 0.530219 -6.84101e-18)
(6.95051 0.766713 7.79441e-19)
(9.15619 -1.33353 -3.07602e-18)
(7.57488 -0.358265 0)
(7.75524 -1.23446 -1.79481e-18)
(8.54404 -1.36999 0)
(11.1874 -1.3776 -6.23271e-18)
(6.48892 -1.1164 7.96852e-19)
(7.71095 -0.991121 0)
(7.63645 -1.04263 9.4488e-19)
(9.78054 0.019087 1.54699e-17)
(9.56809 -1.20967 1.90852e-20)
(7.06297 -0.682853 0)
(6.26689 1.87422 3.85132e-18)
(5.68029 2.26614 -2.08592e-17)
(6.44413 -1.09691 0)
(6.31035 -0.0810272 1.69797e-19)
(7.75072 -1.2477 0)
(6.63847 -1.12896 -9.33628e-19)
(5.01493 -0.873413 0)
(6.70809 0.0124587 0)
(10.4301 -1.34847 1.05705e-18)
(7.14763 -1.21838 -2.12136e-18)
(8.94635 -0.0674063 2.14554e-17)
(8.91239 -0.0660252 -6.77421e-18)
(10.0396 -1.41738 -3.70156e-18)
(6.71505 -1.16274 0)
(8.07999 -1.34696 -1.43345e-18)
(10.1636 -1.395 3.59061e-18)
(10.0161 -0.023361 -8.39908e-18)
(9.98214 -1.37424 -6.05252e-18)
(8.22404 -1.25446 0)
(10.4738 -1.35513 3.36425e-18)
(3.26402 -0.646867 0)
(8.75677 0.430925 -3.18315e-18)
(3.82962 -0.722914 8.39161e-18)
(8.92593 -0.382504 -1.93105e-18)
(7.73266 -1.33305 0)
(8.22736 0.213529 0)
(12.5901 -1.28768 7.23667e-19)
(7.37206 -1.14292 -1.36526e-18)
(5.95977 -1.01001 0)
(3.47942 -0.617054 0)
(8.76359 -0.32031 -4.94726e-18)
(8.86146 -0.334676 3.19777e-18)
(7.66654 -0.931202 4.67186e-20)
(5.95495 -1.04363 0)
(9.4146 -1.52416 0)
(8.06744 -1.33551 0)
(3.80164 -0.662133 1.56489e-18)
(6.55333 -1.14032 -4.29961e-18)
(5.93746 -1.00857 0)
(5.60478 -0.97311 -3.12092e-18)
(7.10195 -1.22079 3.09979e-18)
(14.6947 2.64847 -2.11431e-17)
(6.49385 -1.10016 -3.91218e-18)
(6.8704 -1.19222 -3.37209e-18)
(8.87034 -0.0627376 4.17188e-17)
(8.88003 -0.0532115 -3.15431e-17)
(3.1724 -0.550978 -4.18981e-18)
(8.85969 -0.0385932 -3.41929e-17)
(9.15875 -0.0958344 0)
(8.96429 -0.000953308 -1.30188e-17)
(7.07116 -0.852657 0)
(5.68843 -1.11243 3.10051e-18)
(7.94882 -1.33916 1.89621e-18)
(7.1309 -0.802677 2.41813e-18)
(8.78865 -1.32035 2.29048e-18)
(8.94762 -0.0810592 1.30473e-17)
(9.73305 -1.29968 -7.1066e-18)
(9.227 -0.0316103 0)
(9.46945 -1.24733 -3.6858e-18)
(7.59324 -1.06962 -5.23389e-18)
(7.213 -1.04944 -4.18017e-18)
(5.04112 -0.942808 0)
(7.47438 -0.840493 3.02479e-18)
(7.37224 -0.688629 -6.44614e-18)
(7.15597 -0.666667 3.80154e-18)
(11.4625 -1.1102 -1.01573e-17)
(11.3534 -1.18637 0)
(11.2605 -1.15801 -5.68432e-18)
(6.99808 -1.18673 -1.90783e-19)
(3.85629 -0.640721 0)
(7.77744 -1.036 -2.55626e-18)
(9.8593 -0.989173 1.22316e-17)
(7.85602 -0.987427 2.22228e-18)
(9.18209 -1.357 0)
(10.6066 -1.30261 3.59838e-18)
(7.24377 -1.20886 1.82346e-18)
(12.5849 0.477973 2.46698e-17)
(9.02184 0.101088 -2.93281e-17)
(3.45712 -0.620305 1.12944e-17)
(4.85806 -0.813842 0)
(5.75205 -0.994061 2.92332e-18)
(9.04158 0.0687192 -1.86591e-17)
(8.07237 -1.28681 0)
(7.55549 -1.06141 2.21449e-18)
(3.06403 -0.469254 8.98516e-19)
(8.3147 -1.31773 -1.6358e-18)
(4.88515 -0.855157 0)
(7.21514 -0.59353 -1.5064e-18)
(5.03243 -0.922616 3.9883e-19)
(9.39204 -1.31871 -1.98891e-18)
(9.31146 -1.31897 -3.68598e-18)
(10.1942 -0.728971 4.85892e-18)
(8.96216 -1.36272 1.4976e-18)
(6.26482 -0.991797 -1.50352e-17)
(3.26079 -0.616311 1.9148e-18)
(6.73388 -0.478422 -4.83105e-18)
(7.56737 -1.23975 0)
(10.3715 -0.182121 -9.90264e-18)
(7.25536 -0.761605 -2.09706e-18)
(7.71842 -1.08562 1.94365e-18)
(7.73736 -1.05777 1.54848e-18)
(6.24895 -1.05458 0)
(6.67507 2.76841 -1.38041e-17)
(7.67147 -1.09212 0)
(6.18535 0.574218 -6.63543e-18)
(8.97414 -0.723839 3.73122e-18)
(3.41077 -0.601148 3.181e-18)
(8.07007 -1.39887 4.66388e-19)
(9.57369 -1.33396 2.47333e-18)
(5.15734 -0.902389 -7.46224e-18)
(6.04769 -1.00062 0)
(6.87 0.166122 0)
(8.53373 -0.543431 -2.69831e-18)
(5.08731 -0.834307 -1.50433e-17)
(11.9742 -1.0656 0)
(8.654 -1.38013 3.66449e-18)
(8.69387 0.191496 -1.71278e-18)
(8.62 -1.41524 2.4873e-18)
(8.75034 -1.40645 -3.23603e-18)
(6.89481 -0.537334 -2.47457e-18)
(10.3801 -1.43767 -2.70071e-18)
(6.9306 -0.983282 2.38698e-18)
(8.19299 -1.34909 0)
(7.04211 -0.420577 3.98442e-18)
(7.56978 -1.13569 7.6374e-18)
(11.9728 0.460882 5.02925e-18)
(7.58127 -1.26887 -2.32445e-18)
(8.32165 -1.33331 3.8058e-18)
(7.58901 -1.00479 4.7204e-19)
(5.77064 0.537022 1.53531e-18)
(7.2525 -0.717444 0)
(3.1473 -0.708717 5.27386e-18)
(10.8015 -0.597113 9.23895e-18)
(7.97719 -1.09724 -1.2296e-18)
(10.0478 -0.0612969 0)
(8.01164 -1.08669 1.16927e-18)
(7.96308 -1.06817 -1.17767e-18)
(10.1217 -0.167926 0)
(9.42996 -0.0614612 -4.56329e-17)
(10.6938 -0.60799 -7.88307e-18)
(8.13572 -1.32544 2.92974e-18)
(3.73242 -0.585626 -6.86595e-18)
(8.86236 -0.117659 0)
(8.84631 -0.109777 0)
(8.86599 -0.106345 -2.70023e-17)
(3.95963 -0.702798 7.58546e-18)
(7.24503 -1.00862 4.58526e-18)
(7.22413 -0.982909 -3.41588e-19)
(6.99372 -0.914614 -3.21937e-18)
(9.87778 -0.760918 -9.91209e-18)
(10.7353 -0.789747 -2.65252e-18)
(4.93815 -0.825908 -5.22481e-18)
(8.71188 0.162948 0)
(6.9399 -0.904634 -3.16399e-18)
(3.43114 -0.555302 4.27365e-18)
(7.28748 -1.06188 -1.05936e-18)
(7.51689 -1.12311 -2.52384e-18)
(10.7305 -0.325278 -1.33133e-17)
(9.58871 -1.25384 -5.72111e-18)
(7.02435 -0.774081 0)
(7.48599 -1.16323 -4.35041e-18)
(8.91572 -0.0167387 0)
(8.17889 -1.2851 0)
(9.50691 -1.26479 5.71271e-18)
(8.55377 -1.29201 0)
(8.13602 -1.17683 0)
(8.00152 -1.27311 -1.98373e-18)
(8.14087 -1.14356 -9.62553e-19)
(10.91 -1.28899 3.7128e-18)
(5.50464 -1.01445 0)
(5.78063 0.0356977 -1.38346e-17)
(8.80474 -0.3302 -1.0221e-20)
(6.78978 -1.01606 0)
(6.72412 -0.743333 -2.88357e-18)
(9.0527 -1.35144 7.81118e-19)
(4.29785 -0.658934 -3.30527e-18)
(9.89275 -1.3404 4.32901e-18)
(8.04131 -1.10316 -2.15505e-18)
(8.04124 -1.12626 2.48659e-18)
(7.83599 -1.25817 1.97376e-18)
(9.89347 -1.34953 -2.28276e-18)
(9.36884 -1.17359 0)
(8.49291 -1.04758 -2.61396e-18)
(8.38805 -1.3552 -3.45869e-19)
(7.60541 -0.851078 0)
(10.0816 -0.943333 5.88644e-18)
(9.77381 -1.27003 3.41633e-18)
(3.38298 -0.588456 0)
(10.832 -1.33139 -2.75418e-19)
(7.55376 -0.908976 1.78375e-18)
(9.88942 -0.0696846 -1.97405e-17)
(9.32396 -1.43377 0)
(8.12349 -0.104825 2.14546e-17)
(7.98677 -0.10527 4.10563e-20)
(7.95181 -0.22654 1.07137e-17)
(5.91999 0.103361 -1.2597e-16)
(7.94364 -1.22528 1.50781e-18)
(10.0964 -0.271279 3.61612e-19)
(9.16882 -0.145516 7.27139e-17)
(3.98039 -0.567755 2.50672e-18)
(7.60522 -0.893236 -1.50492e-18)
(6.31799 -1.05517 4.06228e-18)
(7.38747 -1.00044 1.11565e-18)
(4.18073 -0.675342 3.07961e-18)
(7.07154 -1.19514 -8.98026e-19)
(7.74273 -1.19249 1.06969e-18)
(8.99032 0.0659135 7.30102e-18)
(7.74091 -1.26333 1.21403e-18)
(10.2739 -1.47729 0)
(7.17109 -1.17534 9.16331e-18)
(7.57394 -0.643166 3.83328e-18)
(12.1549 -0.45649 -1.05372e-17)
(7.79503 -1.20807 0)
(6.47439 -1.10323 -4.22609e-18)
(7.43936 -0.929905 0)
(11.4126 -0.625775 -2.60606e-18)
(10.1843 -0.0697987 0)
(7.68674 -0.658883 -1.236e-17)
(7.44743 -0.90122 0)
(7.48008 -0.944314 0)
(7.30957 -0.77887 2.14203e-18)
(12.0592 0.803976 0)
(7.49701 -0.878323 -1.01242e-18)
(11.3965 -0.297693 -2.3381e-17)
(8.51877 -0.274728 5.45053e-18)
(11.5262 -0.216583 1.65909e-17)
(8.44805 -0.271753 6.97476e-18)
(11.7766 1.17135 8.32949e-18)
(7.28654 -1.21679 0)
(8.93377 -1.37888 1.83917e-18)
(8.25066 -1.3219 0)
(6.64176 -0.718496 6.05272e-18)
(9.02824 -1.40623 -4.03282e-18)
(7.92341 -1.2859 -9.33563e-19)
(12.4071 0.990366 -1.33793e-17)
(9.30561 -1.27022 0)
(8.99543 0.35593 4.47844e-18)
(5.07123 -1.2132 0)
(10.3222 -0.434738 1.69782e-17)
(10.4558 -1.45669 1.15888e-18)
(7.18741 -1.12144 5.3294e-18)
(10.6406 -1.40946 0)
(7.85828 -0.709795 -8.06062e-18)
(11.311 -1.42051 -1.62789e-19)
(10.4801 -0.268226 -4.50932e-18)
(3.77346 -0.726669 -1.67165e-18)
(7.95288 -0.755998 -2.27308e-18)
(10.0279 -1.15786 -8.07168e-18)
(7.89479 -0.769428 -2.71207e-18)
(10.6464 -0.0449653 -9.10625e-18)
(11.4695 -0.742485 4.60949e-18)
(11.6569 -0.358693 -1.67564e-17)
(8.46762 -1.35912 2.41898e-18)
(10.7454 -0.886285 3.57808e-18)
(10.6598 -0.964218 0)
(10.5189 0.209368 0)
(10.0867 -1.40526 0)
(10.2304 -1.37374 -3.73317e-18)
(6.86235 -1.1683 0)
(9.31277 -1.41038 1.2459e-18)
(10.1466 -1.35858 0)
(9.31752 -1.41661 -3.77778e-18)
(9.3225 0.0355285 3.93124e-19)
(5.15574 -0.741441 2.7596e-19)
(3.7067 -0.600462 8.40707e-18)
(6.55134 -1.05301 1.38761e-17)
(13.154 -0.685065 -3.23274e-18)
(10.1378 -1.07022 -6.50515e-18)
(6.36555 -1.09349 -2.08693e-18)
(8.94792 -0.369615 -1.8437e-17)
(6.18809 -1.05708 -3.88129e-18)
(12.8962 -0.383903 -1.06209e-17)
(5.34073 -0.940599 -1.43878e-20)
(7.1823 -1.15346 -4.8036e-18)
(9.03847 -0.273835 -1.23323e-17)
(9.14867 -1.36724 0)
(3.61027 -0.575451 1.08764e-17)
(9.56903 -1.40973 -2.20326e-18)
(6.40012 -1.0781 -3.15606e-18)
(9.31836 -1.24059 3.76502e-18)
(7.62192 -1.26861 0)
(12.2619 -0.684839 1.08256e-17)
(6.87796 -1.12165 0)
(5.50673 -0.785979 9.17333e-18)
(3.20293 -0.585858 0)
(8.28454 -1.25805 0)
(7.32544 -1.2417 0)
(3.05376 -0.563224 -6.62938e-18)
(4.33292 -0.415251 -1.67686e-17)
(7.62381 -1.25376 0)
(7.50896 -1.26043 2.34415e-18)
(9.04259 0.0916511 8.10354e-17)
(9.01446 0.117693 0)
(9.05075 0.11796 -1.69437e-17)
(12.9719 0.414 8.45637e-19)
(5.10057 -1.07609 -3.66043e-18)
(6.69104 -1.138 -1.13261e-18)
(8.25123 -1.31049 0)
(5.17279 -1.00714 -7.91286e-18)
(9.59379 -1.181 0)
(9.50493 -1.19932 0)
(6.66439 -1.11395 -1.50346e-18)
(7.63097 -1.26123 -2.17534e-18)
(10.2399 -0.873618 0)
(8.33687 -1.37114 0)
(8.73679 -1.38903 0)
(9.39009 -1.24745 0)
(9.30501 -1.26716 0)
(8.97074 0.227228 5.42474e-18)
(9.95576 -1.38024 0)
(10.2216 -0.946249 0)
(9.37238 -1.26749 4.63064e-18)
(9.60902 -1.20256 -8.13916e-18)
(4.81953 -0.983308 2.84573e-19)
(7.16821 -0.532629 4.62647e-18)
(6.6908 -1.11175 -7.54415e-18)
(5.99583 -1.40824 1.74592e-17)
(5.00181 -0.877563 0)
(5.97313 -1.06843 -1.40628e-18)
(5.50393 -0.872429 9.64501e-18)
(5.71289 -1.27961 -8.66541e-19)
(8.74138 -1.35169 -6.13986e-18)
(9.75682 -2.03049 0)
(9.67426 -1.17986 8.25243e-18)
(9.66799 -1.20835 -4.8975e-18)
(7.54678 -0.972586 -2.82738e-18)
(7.53572 -0.933636 -1.10723e-18)
(7.58515 -0.973388 3.62173e-18)
(7.98225 -1.27586 0)
(9.90202 -1.25206 -4.73284e-20)
(13.4362 -1.41676 -8.6035e-18)
(11.5226 -0.41132 1.0067e-17)
(7.15087 -1.20772 -2.77037e-19)
(8.64044 0.872806 -1.38056e-18)
(9.83627 -0.109491 1.8099e-17)
(11.4645 -1.19616 -3.82019e-18)
(9.74478 0.439427 0)
(3.77545 -0.63742 7.19629e-18)
(7.72601 -1.484 0)
(10.5747 5.01412 2.67793e-18)
(10.9444 -0.754639 -9.80384e-18)
(8.6395 -1.28609 -7.5895e-19)
(10.8416 -0.861194 1.52446e-17)
(10.8116 -0.948219 0)
(7.62866 -1.46292 2.9406e-19)
(6.80158 -1.18975 -5.58215e-18)
(8.54222 0.245513 0)
(10.5321 -1.45045 4.05657e-19)
(9.78706 -1.22146 -3.37223e-19)
(9.75304 -1.22627 8.12091e-18)
(11.5339 0.215741 3.39313e-18)
(6.86367 -1.15505 -1.26015e-19)
(9.77576 -1.20532 -8.23697e-18)
(5.86149 -1.0252 -1.05262e-18)
(10.0631 -1.20262 1.01368e-18)
(5.00054 -0.750651 0)
(8.93195 0.121801 5.79982e-18)
(7.98399 5.15535 0)
(5.82596 3.88508 -6.88386e-19)
(10.6668 -1.30333 -3.70752e-18)
(7.59244 -1.24328 -1.43065e-18)
(3.88249 -0.683423 0)
(8.35371 -1.38634 4.12365e-18)
(9.61197 -1.41284 -2.84473e-18)
(8.77717 0.0910159 6.95619e-19)
(8.83396 0.103901 -2.90883e-18)
(6.34208 -0.974624 0)
(5.67723 -1.17564 -7.07884e-18)
(9.22019 0.189046 -2.33501e-18)
(11.6869 -1.16837 2.37238e-18)
(9.4577 -0.174052 8.96618e-18)
(6.86303 -1.26584 0)
(8.20325 -1.3268 -2.86444e-18)
(8.88638 -1.35561 -9.09743e-19)
(4.64254 -0.683796 3.01753e-18)
(9.75202 -1.14149 -7.25373e-18)
(9.08326 -1.38854 0)
(13.2687 -0.128729 6.54359e-18)
(9.07908 -1.31942 -2.00289e-19)
(10.843 -1.38983 2.26673e-18)
(10.8955 -1.3351 2.75409e-19)
(9.47762 -1.37105 3.284e-18)
(8.01776 -1.32278 0)
(7.19124 -1.19982 2.00506e-18)
(6.06472 -0.335523 -1.19983e-19)
(9.70301 -1.36334 0)
(5.91782 -0.287113 0)
(5.93975 -0.158972 -1.14432e-17)
(7.8029 -1.28225 1.01763e-17)
(8.15386 -1.31853 -7.09933e-18)
(9.55525 -1.34612 0)
(5.77755 -1.0655 -4.70956e-18)
(5.79801 -0.970218 1.3172e-18)
(6.02487 -1.02579 1.2847e-18)
(9.66841 -0.0514715 0)
(9.64972 -0.140362 -6.72144e-18)
(5.61958 -0.946265 1.73048e-18)
(9.55318 -0.188282 1.24563e-17)
(6.39055 -1.09425 -1.48317e-18)
(6.71345 -1.16488 -3.47561e-18)
(3.20483 -0.801165 4.25414e-18)
(7.25961 -0.895227 -3.95599e-18)
(7.18314 -0.916604 -2.9275e-18)
(9.4394 -1.27339 5.93045e-18)
(8.49887 -1.343 5.56519e-19)
(8.92728 -1.38219 -1.86262e-18)
(8.79553 -1.31914 -2.2668e-18)
(8.94252 -1.33083 2.14957e-18)
(3.58152 -0.607726 0)
(8.96081 -1.31938 -2.39933e-20)
(3.88575 -0.625315 1.48837e-17)
(8.12138 -1.34451 0)
(8.50979 -1.38304 0)
(8.69346 0.0896455 1.04407e-17)
(3.75126 -0.826277 -5.03519e-18)
(8.64003 0.0711122 -7.43037e-18)
(8.26729 -1.38578 2.34128e-18)
(7.30239 -1.23334 6.65043e-18)
(7.3453 -1.37016 0)
(9.68879 -1.36597 0)
(8.44136 -1.36793 0)
(4.78244 -0.74309 6.45844e-18)
(11.0442 -0.727245 -1.09677e-17)
(9.2237 -1.40866 0)
(6.0073 -1.06049 5.27848e-18)
(6.68554 -1.15696 3.53086e-18)
(8.77933 -1.41246 -5.76142e-18)
(8.02551 -1.29159 7.24342e-19)
(8.62664 -1.32662 1.70478e-20)
(8.31889 -1.38052 0)
(8.90815 -1.32663 1.38349e-18)
(7.4065 -1.2563 -4.92505e-18)
(8.94857 -1.32877 0)
(8.73201 -1.34271 1.52335e-18)
(7.89784 -0.822226 -5.92303e-18)
(7.85632 -0.845704 8.82662e-18)
(9.36743 -0.177624 1.33039e-17)
(8.67173 -1.30997 4.75268e-18)
(7.08521 -1.23647 2.5814e-20)
(9.3911 -1.222 -1.26741e-18)
(9.49591 -1.18665 0)
(7.74676 -1.27889 2.55283e-18)
(8.18665 -1.36893 1.35578e-18)
(10.0229 0.257847 1.37864e-17)
(9.9505 0.170669 0)
(8.48092 -1.29832 -1.64261e-18)
(5.0239 -0.955301 4.43297e-18)
(13.7293 -0.88841 -4.10458e-18)
(10.4594 -0.593244 0)
(6.7568 -1.19869 1.30113e-18)
(3.37148 -0.629865 -2.47673e-18)
(7.36358 -1.2299 2.00975e-19)
(7.29821 -1.21313 1.94199e-18)
(3.9348 -0.606496 -1.34618e-17)
(4.79968 -0.878096 6.83088e-19)
(10.2111 -1.29274 2.65063e-18)
(5.59783 -1.19815 3.3111e-18)
(9.4019 -1.3056 3.60596e-18)
(12.0496 0.108689 -1.32315e-17)
(5.53847 -0.971297 -5.82663e-18)
(3.61883 -0.642436 1.07904e-17)
(9.76452 -1.09809 1.08025e-17)
(8.55422 -1.36738 -3.94414e-18)
(10.989 -0.144669 3.48188e-18)
(10.9711 0.0551377 1.58282e-17)
(10.0629 -1.47292 -2.0617e-18)
(9.55409 -1.27213 0)
(7.36727 -0.951403 -2.39226e-18)
(10.2564 -1.18155 0)
(9.9332 -1.14233 0)
(10.2646 -1.13442 0)
(10.0129 -1.10865 -5.41199e-18)
(10.2175 0.165491 -5.51423e-18)
(9.19812 -1.48409 6.51636e-18)
(10.1992 -1.24248 0)
(12.2915 -1.27243 5.05906e-18)
(10.1908 -1.15147 -9.60338e-18)
(5.81545 -1.03602 -2.85237e-18)
(8.57099 -1.34053 5.03269e-19)
(5.76489 -0.992841 -1.0326e-17)
(5.93926 -1.02629 -6.15973e-18)
(13.5082 -0.941135 4.12082e-18)
(10.6808 -0.953939 1.86734e-17)
(3.21669 -0.548603 1.74767e-18)
(8.3037 -0.450754 -2.35464e-17)
(9.92713 -0.309655 0)
(6.49267 -1.09765 -3.74687e-18)
(4.94095 -0.858049 2.76927e-18)
(7.67788 -1.28264 4.69331e-18)
(3.22027 -0.586637 0)
(6.14039 -1.08041 0)
(6.10094 -1.11802 -1.42313e-18)
(7.75088 0.269762 1.11685e-17)
(3.54798 -0.667361 2.07151e-17)
(3.74161 -0.613448 0)
(9.23498 -1.3938 0)
(8.37816 -1.33644 6.67893e-18)
(10.7572 -1.23127 4.57206e-20)
(9.59373 0.111274 0)
(6.93499 -1.18467 -3.51582e-18)
(9.59357 -0.00454553 2.35991e-17)
(10.7716 0.0620886 0)
(9.48056 0.129955 0)
(10.2812 -1.26242 3.39015e-19)
(12.4288 -1.2641 -2.3825e-18)
(5.78731 -1.01704 -4.08484e-18)
(8.58386 0.127692 -7.12005e-18)
(3.14474 -0.567006 -5.14062e-21)
(8.56453 0.0793221 1.9841e-17)
(7.79903 1.0776 -1.07808e-17)
(11.4422 -0.856431 3.40619e-18)
(9.05952 -1.32766 2.56741e-18)
(5.73259 -0.995748 -1.37791e-19)
(3.82473 -0.424608 -8.48114e-18)
(4.88575 -0.894632 -9.7676e-20)
(11.6106 -0.945312 1.29482e-19)
(6.73072 -1.1317 0)
(6.78387 4.59028 -7.39867e-18)
(5.91687 -1.01431 6.46086e-18)
(4.92605 -0.763988 -3.98381e-18)
(6.18134 -1.08283 1.07487e-18)
(3.79447 -0.420936 -1.32012e-19)
(6.09958 -1.08251 0)
(7.247 -1.28377 -2.59224e-18)
(7.00297 -1.14458 1.80773e-18)
(9.43045 -1.40357 2.20712e-18)
(8.63216 -1.33766 0)
(6.68737 -1.13581 0)
(8.27884 -1.30937 4.55876e-18)
(8.72233 -1.35243 1.9217e-18)
(10.3486 -0.617177 -1.5001e-18)
(4.99401 -0.828759 -6.87624e-19)
(9.2368 -1.13934 5.68063e-18)
(8.63745 0.109708 0)
(10.3994 -1.31696 -9.33216e-18)
(8.37789 -1.31374 -2.50541e-18)
(8.5899 0.0794607 -1.87336e-17)
(4.86305 -0.830793 -8.26224e-18)
(7.96172 -1.3239 2.25248e-19)
(6.98871 -1.18102 5.16023e-18)
(5.53936 -0.971562 0)
(12.8268 -1.22349 0)
)
;

boundaryField
{
    frontAndBack
    {
        type            empty;
    }
    outlet
    {
        type            freestream;
        freestreamValue uniform (9 0 0);
        value           nonuniform List<vector> 7((8.91066 -0.114093 0) (8.88529 0.0918241 -1.64108e-17) (9.81501 0.201645 0) (9.78397 -0.191259 5.11025e-17) (8.89862 0.216008 -8.59213e-17) (8.92612 -0.210028 0) (8.70543 -0.00261347 0));
    }
    walls
    {
        type            noSlip;
    }
    inlet
    {
        type            freestream;
        freestreamValue uniform (9 0 0);
        value           uniform (9 0 0);
    }
    airfoil
    {
        type            noSlip;
    }
}


// ************************************************************************* //
