/*--------------------------------*- C++ -*----------------------------------*\
| =========                 |                                                 |
| \\      /  F ield         | OpenFOAM: The Open Source CFD Toolbox           |
|  \\    /   O peration     | Version:  2206                                  |
|   \\  /    A nd           | Website:  www.openfoam.com                      |
|    \\/     M anipulation  |                                                 |
\*---------------------------------------------------------------------------*/
FoamFile
{
    version     2.0;
    format      ascii;
    arch        "LSB;label=32;scalar=64";
    note        "nPoints:2478  nCells:2283  nFaces:8088  nInternalFaces:3327";
    class       labelList;
    location    "constant/polyMesh";
    object      neighbour;
}
// * * * * * * * * * * * * * * * * * * * * * * * * * * * * * * * * * * * * * //


3327
(
1
623
1269
73
831
3
145
228
409
2137
5
1108
1946
68
1259
7
1692
1879
1307
2003
1802
1910
10
206
828
1782
14
1043
1044
58
116
1302
41
253
392
953
2233
16
596
2074
192
243
56
584
1571
423
786
1000
178
1180
1779
21
1326
2147
1695
1903
23
425
426
636
637
25
621
1798
627
882
28
524
841
177
385
2084
112
1857
30
486
1770
294
32
434
1114
531
1105
34
616
629
441
442
36
475
609
835
1028
38
484
503
660
1242
40
580
1369
488
90
759
43
297
1032
1173
1186
45
176
1202
165
854
244
931
1396
48
934
1870
489
1911
51
515
516
498
820
1259
468
1178
175
380
82
198
808
59
544
2213
62
337
933
659
1828
60
144
1468
238
700
1757
140
1572
671
801
1149
1632
1758
67
1201
2163
957
1388
66
530
844
836
855
286
519
575
818
349
1030
1859
1252
1367
1524
75
83
1848
96
1110
1611
1507
193
939
1137
1057
2082
77
650
653
147
1206
79
667
1818
416
1124
81
677
1645
1028
1772
92
1117
85
995
1727
2197
830
1491
260
1982
1984
92
642
1062
89
1169
2002
1493
1657
126
1922
105
828
1258
439
94
136
840
303
305
98
708
839
101
1345
99
1167
1576
150
538
1778
2232
101
671
1592
1122
106
605
1938
1446
1657
2000
124
1664
1810
115
936
1936
110
311
1414
109
132
1586
295
1020
1021
112
1023
2087
780
120
1480
1587
119
1461
1485
686
125
908
493
555
1221
1167
1781
2045
310
817
341
1648
127
1358
1973
123
1357
2049
1546
1977
1685
843
1856
1601
2181
1510
2153
138
1504
1518
1172
1493
1929
134
1132
1263
132
781
1732
353
1052
1137
1123
1325
826
1943
1960
137
1171
304
1075
715
2166
142
908
1292
821
823
298
986
1853
924
1257
217
280
1252
151
578
532
1653
517
1966
2091
148
888
762
193
754
1038
1219
1239
272
1731
153
1098
1967
381
1648
1014
1465
2129
273
456
1536
173
486
2011
226
949
1827
215
1130
1288
167
173
1809
162
706
823
423
1211
1481
1494
1635
1581
1806
2110
166
1019
2077
373
1808
1002
1337
673
2113
870
892
1419
1113
1123
1416
171
1022
1560
1685
212
1417
1420
1867
340
1705
2177
951
177
2163
373
1186
1664
202
712
1250
308
365
2020
187
643
958
189
1278
1742
186
893
2258
185
290
864
858
1365
731
1157
498
590
1709
410
204
843
1603
708
1142
1238
1300
1345
899
195
461
1870
774
1519
197
1951
1958
208
778
199
2275
203
1749
201
1659
1679
433
1658
263
1423
233
1815
1486
207
1006
2098
1215
1258
235
976
274
1731
391
1742
1843
211
1386
1547
974
1281
220
280
573
1663
223
323
912
217
1277
1303
1915
1980
241
662
984
2207
1290
1420
1352
257
445
989
238
256
1292
1553
2069
443
713
1765
480
1770
2230
244
1214
230
246
1482
2166
2246
239
596
851
1444
2031
781
1086
346
1674
2263
234
1651
808
982
1118
1609
242
1460
1769
245
560
1934
243
868
253
1353
1890
583
1362
1436
1487
284
258
1574
247
2269
676
2270
432
1469
1569
581
790
1490
621
1183
1631
1556
1582
2005
254
1503
1882
266
2151
655
1266
2062
1298
261
271
1044
2233
260
918
1855
1616
270
1935
1091
1824
1897
283
2248
2063
2225
1639
1797
2070
754
939
269
840
1884
276
1677
2030
306
1883
846
1283
1185
1282
846
1393
649
2026
307
352
319
545
649
996
1501
280
446
1524
281
1152
1975
438
713
1937
1072
1459
1161
1833
2270
1820
655
2086
313
413
1141
292
317
288
504
1903
1669
1907
290
1744
2125
1053
356
1300
2074
914
2081
300
1488
1704
1213
2011
296
399
1241
299
1858
748
908
1861
2206
1445
1544
302
1192
1713
566
1509
304
674
2015
306
675
1726
578
584
1005
2062
345
365
1976
312
1912
318
322
511
853
594
1691
344
406
586
331
1467
1836
331
1047
1860
328
1873
416
1687
952
2026
1887
1943
2208
323
339
701
1369
1441
2186
325
1709
1800
590
1897
327
1737
1844
1736
1841
1898
2204
1608
1854
1067
1197
1478
1972
1053
1635
1748
336
1654
1813
335
484
513
1199
1242
1652
1811
813
1358
356
961
1606
345
2048
353
645
586
1662
343
1909
2036
1424
999
1096
2178
348
1872
411
727
1917
2262
367
766
1127
1536
1690
363
1203
1865
1418
1951
809
436
522
1095
361
1522
1768
1182
358
359
1937
1323
1701
360
1680
1703
1874
369
1273
363
806
1734
923
372
1683
1705
1795
1188
1293
1729
1723
2266
378
379
2063
370
692
1540
373
394
472
376
911
393
397
2215
708
838
1434
1120
1712
1166
1909
2282
1409
2071
398
1483
410
1843
478
1568
470
485
582
384
595
1506
549
745
396
1649
494
1094
1344
388
2008
2212
1665
2051
390
1718
1811
1720
1813
453
1147
975
1624
813
1921
396
2121
1795
2062
2130
1413
411
2217
1165
1284
1585
1793
424
606
402
403
1623
1418
1621
405
465
424
1717
1804
1961
449
1113
408
1837
2021
1746
2092
1746
2240
2095
940
1744
1748
432
1099
415
1736
1773
1737
1869
1021
418
1652
1714
1654
1659
448
1476
1821
428
1048
1187
1497
1911
2128
510
576
1766
585
1151
497
615
629
1439
430
730
1698
823
1635
433
1670
1681
458
526
445
1398
1935
445
1958
1207
1431
436
437
1131
1199
551
1176
443
1322
2209
2244
531
1517
1573
1234
1296
661
1270
2079
581
596
1762
451
464
450
1599
1674
1382
1825
1085
1691
1600
1872
1663
1813
533
1043
1182
455
1188
495
925
1341
461
774
614
1826
1331
1794
1839
459
499
460
1527
508
1279
1342
471
752
1763
469
670
946
1654
2176
1403
1455
480
486
1809
499
1319
1527
791
1193
550
744
473
1525
1686
803
1808
495
1319
476
477
833
647
1026
601
1101
478
572
1965
1305
1471
610
483
855
1268
483
488
571
664
494
1594
728
763
1856
1441
1151
1254
491
492
624
647
1238
493
625
1239
495
1235
1970
2122
761
1240
1308
1243
727
1639
2126
505
735
1832
503
1281
1550
1200
2148
2252
1926
2044
517
804
1866
509
607
1271
509
526
687
531
1410
525
1356
513
530
547
514
1285
1579
624
1179
625
1129
541
519
521
1964
2204
521
1535
2205
2091
523
1131
1452
1947
1357
1588
527
2010
1295
856
896
529
539
911
535
814
1268
2187
534
1490
581
2074
536
1216
537
1275
539
1080
550
946
1120
541
750
2199
1992
544
1990
1996
631
867
1891
1838
639
1132
700
1100
2226
551
1199
549
595
1222
550
559
553
558
668
554
794
556
1129
556
558
625
558
689
710
755
844
846
966
562
1402
2101
564
1326
566
1192
1520
565
1695
1702
1754
702
569
599
688
570
619
885
570
882
1789
871
1442
1580
1771
583
1877
784
1084
1451
816
2039
620
1495
604
650
691
1571
580
587
1481
605
991
1876
1377
587
1939
594
589
887
1271
633
593
592
900
1287
879
820
1106
1640
597
598
711
1432
600
906
881
602
1210
609
646
611
1805
1871
884
903
1878
613
1254
608
696
883
905
833
612
1735
1794
1900
2149
2230
742
1473
2123
616
1289
1234
720
1195
621
622
1158
1700
790
2087
729
926
782
1390
1026
631
642
859
628
1183
848
877
657
638
890
1065
663
648
1338
2184
936
1957
645
1385
2138
698
1894
1913
653
1206
756
1439
738
1832
757
1619
1066
1088
1848
831
875
1296
1474
954
1609
698
1395
1655
1052
647
1142
1122
2077
796
1076
656
667
942
728
805
1923
654
755
1555
2129
1280
1386
661
1440
1005
1922
2273
1804
1871
1200
2034
1642
764
2093
1062
1995
1550
1579
680
1881
2145
706
1466
1541
1251
669
1025
689
1429
2154
1611
674
1356
1383
676
2031
675
677
1583
1726
694
1927
2089
1423
2191
2248
2114
2117
1531
1979
1985
683
948
684
775
692
1272
1086
2112
731
898
872
883
885
907
690
711
888
902
697
1814
1849
697
985
1193
1340
1785
887
904
1161
1209
700
1638
1838
736
910
718
1430
733
753
863
705
714
2143
709
1453
1468
1497
1559
2127
775
956
711
1220
715
1008
718
758
1888
1448
736
1539
1689
719
1131
1644
1530
1176
1440
726
1156
733
1812
2202
723
1684
2169
1291
2030
725
727
2070
1988
2095
1286
965
730
1790
1243
735
860
862
862
753
764
1315
738
2052
739
1426
2105
1064
1330
2097
748
749
1856
742
1449
1496
766
1686
1719
745
1428
747
1892
2278
773
1391
1846
965
999
751
1952
779
1992
766
1050
2116
759
756
1176
845
1615
775
1274
2273
797
1071
2231
762
1206
765
770
805
2065
1195
779
973
2022
793
1615
1905
1521
2198
2252
830
2082
792
1949
2206
788
1447
2201
784
1427
1729
777
852
1958
778
1185
1282
1604
790
1762
783
784
1270
1643
786
1211
1275
1598
1898
1985
1990
2058
791
1607
1788
800
803
2120
1327
1924
798
1024
1214
1354
1374
845
1826
849
1761
800
1046
1350
2258
1129
802
1535
804
1968
1575
2091
810
812
2096
817
970
1484
1062
815
861
1301
1647
812
1154
1373
1715
1184
1310
1705
1712
1435
853
820
1443
858
920
1463
1578
1864
1034
1616
2110
825
827
1091
1824
1869
827
2066
921
1054
1118
2080
843
1516
1795
2178
835
1518
2069
2186
1771
1082
840
1228
1229
839
2277
947
847
1762
1164
1209
1372
1557
1924
851
1595
1660
1354
898
1245
2080
878
1658
1983
896
1806
2251
861
1073
1855
2110
2256
1458
867
1067
1624
1812
1036
1926
1314
1665
865
1467
1048
1836
869
1197
2189
869
870
878
1880
1489
1285
1584
1295
1020
1310
1414
967
1419
1622
879
1224
2000
2229
881
1174
880
1155
1234
882
1078
889
1817
2199
1952
2012
1979
2271
1106
1443
1950
894
1002
898
1049
1136
1337
896
899
1073
953
1293
1297
970
901
1286
903
905
907
917
922
1801
912
1641
915
1538
992
1478
2008
1873
1891
1017
1311
918
923
1984
1273
1768
943
920
959
1457
922
1090
1943
2245
986
1038
1320
1707
928
1153
932
1364
1987
1243
1320
930
1380
2088
1776
2168
935
949
980
1983
1693
1973
938
1519
1352
1412
1351
2098
940
1392
1060
941
1511
1852
967
1549
973
981
952
1263
1411
948
2006
947
2156
956
957
951
954
1845
958
960
1541
961
1835
1847
2165
1389
962
1164
1716
1001
1759
1233
1378
966
1393
1541
1177
1546
1622
1096
2233
1136
972
1041
1190
972
978
1127
986
1029
1179
1726
1759
1855
1200
1721
1601
1812
1059
1157
1059
2099
1194
1793
982
1649
2084
989
1185
987
2245
1995
1198
1832
2271
985
2090
1830
993
2022
1746
2133
2137
1469
993
1767
2216
1000
1597
1069
1237
2007
1003
1316
2077
2004
2061
997
2261
1769
2280
1868
2203
2264
1662
1938
1041
1602
1003
1489
1039
1353
1438
1255
1049
2080
1010
1626
2154
1009
1504
1014
1974
1317
2106
2124
2179
1013
1307
1499
1015
1425
1248
1017
1020
1773
1941
2068
1310
1019
1738
2185
2239
1822
1032
1406
1857
2247
1025
1421
1027
1029
1660
1029
1031
1267
1932
1997
1696
1051
2218
2227
1037
1379
1036
1077
2015
2010
1355
1617
1256
1064
1065
1050
1727
2264
1713
1047
1675
1740
1294
1500
1047
1387
1914
1058
1607
1053
1350
1868
1070
1562
1060
1148
1230
1056
1750
2043
1745
2038
1066
1905
1421
1631
1061
1353
1408
1175
1233
1845
1890
1100
1327
1069
1531
1880
1898
1474
2101
2193
1214
2086
1165
2035
1137
1083
1209
1716
1077
1120
1078
1555
1712
1079
1082
1081
1171
1275
1752
1557
2006
1299
1426
1087
1416
1765
1253
1570
1134
1333
1090
1397
1768
1091
1093
1110
1606
1118
1191
1212
1231
1242
2032
1119
1102
1509
1512
1099
1141
1515
1638
1103
1965
1713
1906
1105
1207
1105
1517
1967
1901
1109
1330
2033
1112
2039
1947
2032
1300
1115
2167
2220
1121
2085
1119
1410
2247
1915
2221
1337
1479
2243
1625
2275
1923
2112
1316
1375
1139
1548
1127
1128
1472
1133
1385
2136
1241
1793
1226
1363
1375
1931
2226
1829
1226
1263
1288
2109
1140
1503
2056
1584
1687
1143
2237
1640
1437
1945
2161
1205
1396
1412
1146
1313
2142
1888
2208
1342
1741
1149
1191
1152
1170
1180
2002
1706
1968
1158
1707
1162
1734
1156
1287
1289
1902
1166
1373
2036
1189
1940
2014
1730
1166
1767
1164
1463
1972
1217
1168
1247
2046
1170
1172
1186
1229
1173
1861
1177
1977
1188
1297
1419
1179
1883
1492
1184
1384
1414
2250
1422
1216
1634
1864
2132
1192
1194
1611
1885
1585
1240
1252
1253
1277
1198
2044
1202
1964
1956
1984
2104
1904
2053
2144
1232
1257
1210
1225
1246
2070
1437
1216
1594
1751
2013
1217
1459
1218
1376
1483
1221
1222
1221
1222
1224
1446
2164
2157
1236
1927
1227
1411
1908
1231
1666
1751
1245
1459
1343
1265
1292
2250
1247
1505
2089
2210
1612
2217
1239
1289
1244
1471
1258
1988
2212
1264
1250
1475
1753
1932
2164
1821
1280
1548
1381
1496
1266
1405
1405
2273
1405
1260
1262
1633
1291
1667
2038
1309
1637
1537
1993
1290
1417
1396
1454
2266
1285
1270
1296
1279
1273
1274
1801
1358
1510
1921
1321
1724
1875
1281
1283
1731
2118
2188
1287
1325
1298
2043
1682
1297
2250
1370
1330
1947
1905
2082
1603
1304
2103
1916
2235
1306
2123
2124
1311
1309
1840
1718
1683
1317
1588
2049
1455
1959
1315
2210
2093
1339
1699
1338
1996
2213
1320
1325
1416
1323
1948
1953
1328
1879
2241
2276
1545
2003
2243
1332
1453
2143
1334
1404
1334
1889
2159
1791
1336
1707
1786
1788
1902
1592
1345
1487
1343
1666
1344
1786
1346
1344
1706
1722
1348
1930
1963
1620
1925
1359
1521
2148
1351
1378
1380
2167
1645
1595
1539
2150
1361
1363
1908
1512
1919
1363
1918
1368
1469
1561
2125
1655
1791
1894
1381
1987
1381
1570
1384
1371
1698
1700
1395
1914
1827
1470
1462
1782
1418
1804
1380
1581
1928
2010
2015
1481
1408
1622
1394
1395
1827
1453
1862
1391
1507
1506
1694
1911
1468
1740
1900
1522
1901
1515
1933
1400
1501
2165
1850
2139
1650
1999
2043
1562
1754
1404
2142
1961
1858
2265
1865
2078
2096
1438
1415
2057
2087
1602
1417
1929
2238
1424
2076
1422
1660
1448
1526
1822
1427
1428
1429
2105
1732
1765
1434
2249
1433
1506
1507
1437
1443
1450
1835
2261
2226
1440
1442
1687
1783
2280
1508
1978
1756
1554
2268
2246
1456
1559
1954
1452
1643
1644
1998
2001
1803
1457
1458
1561
1747
1580
1764
2223
1467
1465
2086
2231
1475
1494
1682
1619
1923
1473
1473
1536
2211
1476
2253
1491
2061
2051
1498
2109
1662
1846
1677
2280
2223
1485
1853
1587
1491
1489
1978
2265
1495
2014
2132
2100
1852
1500
1497
1499
2003
1526
1766
1650
1534
1996
2242
1945
1516
1514
2160
1566
1530
1514
1519
1728
1533
1528
1558
2272
2046
1517
1974
2192
1586
1732
1904
1981
1526
1549
2109
2175
1527
2075
2139
2255
1730
1830
2173
1532
2189
1533
1937
1680
1535
1592
1552
1576
1553
1823
2144
1543
1981
1564
1582
2102
1954
1775
1776
1551
2159
1547
1708
1550
1818
2179
2183
2182
2268
2021
1576
2059
1557
1564
1567
1605
1942
1561
1780
1674
2228
2272
1719
1566
1776
1944
1755
2056
1580
1587
1570
1691
1572
1578
1574
1933
1766
1577
2088
1581
1807
2055
1584
1833
2219
1586
1626
1590
1944
2168
2220
1608
1842
2094
1599
1600
2224
1597
1977
1601
2040
2202
1598
1752
2218
1906
1991
2256
1750
1999
1609
1636
2028
1612
1988
2008
2095
1661
1849
2016
1646
1816
2042
1647
1618
1618
1915
1980
1647
1621
1623
1670
1803
1890
2001
2244
1893
1629
1668
1703
1730
2174
2267
1637
1725
1633
1637
1701
1636
1693
2236
1953
1836
1860
1902
1979
2131
1648
1689
2276
1643
1644
1912
1920
2073
1651
2030
2238
1736
2254
1900
1658
1659
2176
1760
2117
2131
1672
1696
1926
1884
1671
2169
1672
1877
1676
2038
1951
1676
2119
1720
1826
1863
2170
1678
2055
2252
1688
1860
1864
1681
1714
1919
1925
1728
1692
1688
2174
1696
2102
2269
2150
1759
2026
2177
2237
1744
2128
1816
1698
1700
1796
1710
2097
1703
1816
2019
1775
2214
1870
1721
2049
1844
1721
2033
1735
1809
2031
1773
1758
2196
1722
1724
1725
1723
1725
1741
1733
1763
1729
1755
2236
2216
1783
1800
1931
2135
1799
2040
2053
1805
1742
2200
2257
2268
1907
1969
1774
2149
1852
1756
1760
1969
1752
1756
1997
2263
2237
1931
2185
2050
1815
2054
1772
1912
2282
1774
1772
1783
1949
2013
2200
1781
1910
1810
1886
2141
2265
1784
1792
2158
1786
1788
2255
2272
1796
1798
1796
1798
1794
1986
2155
1849
1927
2052
2144
1824
1887
2025
2232
1963
1828
1807
1808
1841
1833
2016
2100
1975
2035
1822
1850
2255
1821
1825
2101
2276
2055
1896
1831
2119
2198
1865
2078
2115
2069
2192
1985
1871
1961
1841
1844
1851
2042
1845
1853
1850
1896
1854
2019
2017
1893
2214
1868
1932
2120
1889
1913
2123
2279
1962
2199
1881
2172
2068
1880
1876
1877
1957
2075
1918
1957
2075
2111
2113
2060
1885
1885
2132
1888
1894
1994
1895
2133
2274
2162
2004
1901
1904
2065
2207
1920
1908
1920
2076
1986
2006
1972
2221
1921
2160
1919
2020
2170
1941
2054
2121
1941
2067
1934
1935
1939
1939
2024
2037
2094
2140
1948
1953
2085
2088
1954
1981
2022
1959
1960
2208
1991
2072
1963
2067
1968
1975
1966
1967
2072
2073
1993
2146
1993
2145
2182
2161
2130
2048
2180
2141
1982
2104
1989
1989
2175
2242
2251
2072
1995
2083
1998
2275
2139
2002
2050
2060
2012
2222
2011
2013
2257
2118
2229
2114
2260
2050
2236
2266
2259
2180
2193
2024
2027
2229
2029
2058
2157
2190
2228
2194
2034
2034
2118
2042
2073
2041
2047
2181
2051
2046
2153
2048
2052
2064
2253
2060
2063
2059
2232
2065
2116
2067
2068
2076
2188
2085
2112
2083
2163
2084
2090
2093
2193
2227
2228
2106
2099
2238
2104
2107
2106
2115
2235
2140
2151
2155
2138
2177
2219
2219
2202
2146
2171
2121
2126
2131
2279
2127
2160
2128
2130
2134
2227
2281
2136
2241
2138
2162
2158
2143
2146
2148
2150
2153
2158
2161
2156
2274
2203
2195
2254
2203
2261
2240
2168
2171
2183
2173
2182
2257
2174
2176
2186
2195
2181
2279
2185
2213
2191
2246
2222
2271
2197
2264
2240
2197
2215
2244
2207
2201
2205
2242
2214
2211
2215
2212
2217
2245
2281
2234
2234
2282
2225
2278
2253
2241
2243
2249
2277
2256
2260
2263
2262
2269
2270
2277
2281
)


// ************************************************************************* //
