/*--------------------------------*- C++ -*----------------------------------*\
| =========                 |                                                 |
| \\      /  F ield         | OpenFOAM: The Open Source CFD Toolbox           |
|  \\    /   O peration     | Version:  2206                                  |
|   \\  /    A nd           | Website:  www.openfoam.com                      |
|    \\/     M anipulation  |                                                 |
\*---------------------------------------------------------------------------*/
FoamFile
{
    version     2.0;
    format      ascii;
    arch        "LSB;label=32;scalar=64";
    class       vectorField;
    location    "constant/polyMesh";
    object      points;
}
// * * * * * * * * * * * * * * * * * * * * * * * * * * * * * * * * * * * * * //


2478
(
(0.002888589214 0.01495043106 0)
(0.004946325263 0.0289420615 0)
(0.01688021965 0.01289269502 0)
(0.997027993 -0.06625516739 0)
(0.9889439943 -0.05465133326 0)
(0.9854241588 -0.074339166 0)
(0.1066716973 0.08280699028 0)
(0.1015763075 0.1007936205 0)
(0.1093031725 0.1026128536 0)
(20 -10 0)
(20 10 0)
(-20 10 0)
(-20 -10 0)
(20 -10 0.1)
(20 10 0.1)
(-20 10 0.1)
(-20 -10 0.1)
(0.997027993 -0.06625516739 0.1)
(0.9854241588 -0.074339166 0.1)
(0.1066716973 0.08280699028 0.1)
(0.01688021965 0.01289269502 0.1)
(0.002888589214 0.01495043106 0.1)
(0.004946325263 0.0289420615 0.1)
(0.1015763075 0.1007936205 0.1)
(0.1093031725 0.1026128536 0.1)
(0.9889439943 -0.05465133326 0.1)
(0.9953892264 -0.05877899939 0)
(0.9791702074 -0.05290395341 0)
(0.9693964205 -0.05115657356 0)
(0.9596226336 -0.0494091937 0)
(0.9498488467 -0.04766181385 0)
(0.9400750598 -0.04591443399 0)
(0.9303012729 -0.04416705414 0)
(0.920527486 -0.04241967428 0)
(0.9107536991 -0.04067229443 0)
(0.9009799122 -0.03892491457 0)
(0.8912061252 -0.03717753472 0)
(0.8814323383 -0.03543015487 0)
(0.8716585514 -0.03368277501 0)
(0.8618847645 -0.03193539516 0)
(0.8521109776 -0.0301880153 0)
(0.8423371907 -0.02844063545 0)
(0.8325634038 -0.02669325559 0)
(0.8227896169 -0.02494587574 0)
(0.81301583 -0.02319849589 0)
(0.8032420431 -0.02145111603 0)
(0.7934682562 -0.01970373618 0)
(0.7836944692 -0.01795635632 0)
(0.7739206823 -0.01620897647 0)
(0.7641468954 -0.01446159661 0)
(0.7543731085 -0.01271421676 0)
(0.7445993216 -0.01096683691 0)
(0.7348255347 -0.009219457051 0)
(0.7250517478 -0.007472077196 0)
(0.7152779609 -0.005724697342 0)
(0.705504174 -0.003977317488 0)
(0.6957303871 -0.002229937633 0)
(0.6859566001 -0.000482557779 0)
(0.6761828132 0.001264822075 0)
(0.6664090263 0.00301220193 0)
(0.6566352394 0.004759581784 0)
(0.6468614525 0.006506961638 0)
(0.6370876656 0.008254341493 0)
(0.6273138787 0.01000172135 0)
(0.6175400918 0.0117491012 0)
(0.6077663049 0.01349648106 0)
(0.597992518 0.01524386091 0)
(0.588218731 0.01699124076 0)
(0.5784449441 0.01873862062 0)
(0.5686711572 0.02048600047 0)
(0.5588973703 0.02223338033 0)
(0.5491235834 0.02398076018 0)
(0.5393497965 0.02572814004 0)
(0.5295760096 0.02747551989 0)
(0.5198022227 0.02922289975 0)
(0.5100284358 0.0309702796 0)
(0.5002546489 0.03271765945 0)
(0.4904808619 0.03446503931 0)
(0.480707075 0.03621241916 0)
(0.4709332881 0.03795979902 0)
(0.4611595012 0.03970717887 0)
(0.4513857143 0.04145455873 0)
(0.4416119274 0.04320193858 0)
(0.4318381405 0.04494931843 0)
(0.4220643536 0.04669669829 0)
(0.4122905667 0.04844407814 0)
(0.4025167798 0.050191458 0)
(0.3927429928 0.05193883785 0)
(0.3829692059 0.05368621771 0)
(0.373195419 0.05543359756 0)
(0.3634216321 0.05718097742 0)
(0.3536478452 0.05892835727 0)
(0.3438740583 0.06067573712 0)
(0.3341002714 0.06242311698 0)
(0.3243264845 0.06417049683 0)
(0.3145526976 0.06591787669 0)
(0.3047789107 0.06766525654 0)
(0.2950051238 0.0694126364 0)
(0.2852313368 0.07116001625 0)
(0.2754575499 0.0729073961 0)
(0.265683763 0.07465477596 0)
(0.2559099761 0.07640215581 0)
(0.2461361892 0.07814953567 0)
(0.2363624023 0.07989691552 0)
(0.2265886154 0.08164429538 0)
(0.2168148285 0.08339167523 0)
(0.2070410416 0.08513905508 0)
(0.1972672547 0.08688643494 0)
(0.1874934677 0.08863381479 0)
(0.1777196808 0.09038119465 0)
(0.1679458939 0.0921285745 0)
(0.158172107 0.09387595436 0)
(0.1483983201 0.09562333421 0)
(0.1386245332 0.09737071407 0)
(0.1288507463 0.09911809392 0)
(0.1190769594 0.1008654738 0)
(0.09414323195 0.0952665775 0)
(0.0867101564 0.0897395345 0)
(0.07927708084 0.0842124915 0)
(0.07184400528 0.0786854485 0)
(0.06441092972 0.0731584055 0)
(0.05697785417 0.0676313625 0)
(0.04954477861 0.0621043195 0)
(0.04211170305 0.0565772765 0)
(0.03467862749 0.0510502335 0)
(0.02724555194 0.0455231905 0)
(0.01981247638 0.0399961475 0)
(0.01237940082 0.0344691045 0)
(0.001019695691 0.02237241735 0)
(0.009458233368 0.01102380149 0)
(0.02550595319 0.0196089458 0)
(0.03735327136 0.02883361747 0)
(0.05362539736 0.04150357515 0)
(0.0759749314 0.05890558215 0)
(0.1546977089 0.07421856127 0)
(0.2006239311 0.06600563487 0)
(0.2445421622 0.0581517949 0)
(0.2865402039 0.0506413399 0)
(0.3267020074 0.04345925697 0)
(0.3651078568 0.03659118903 0)
(0.4018345279 0.03002340635 0)
(0.4369554309 0.02374278108 0)
(0.4705407867 0.01773675573 0)
(0.5026577132 0.01199332765 0)
(0.5333704313 0.006501012342 0)
(0.5627403222 0.001248833075 0)
(0.5908261034 -0.003773710543 0)
(0.6176839265 -0.00857666 0)
(0.6433674658 -0.01316961383 0)
(0.66792807 -0.01756175465 0)
(0.6914148358 -0.02176186232 0)
(0.7138747115 -0.0257783326 0)
(0.7353525987 -0.02961919514 0)
(0.7558914291 -0.03329212739 0)
(0.7755322602 -0.03680447159 0)
(0.7943143551 -0.04016324912 0)
(0.8122752613 -0.04337517455 0)
(0.8294508808 -0.04644666817 0)
(0.8458755457 -0.04938386957 0)
(0.8615820893 -0.05219265028 0)
(0.8766019141 -0.05487862595 0)
(0.8909650423 -0.05744716542 0)
(0.90470019 -0.05990340398 0)
(0.9178348055 -0.06225225012 0)
(0.9303951505 -0.06449840023 0)
(0.9424063312 -0.066646344 0)
(0.953892359 -0.06870037538 0)
(0.964876195 -0.07066460044 0)
(0.9753797952 -0.07254294555 0)
(0.9929003268 -0.07270039944 0)
(20 -7.142857143 0)
(20 -4.285714286 0)
(20 -1.428571429 0)
(20 1.428571429 0)
(20 4.285714286 0)
(20 7.142857143 0)
(17.14285714 10 0)
(14.28571429 10 0)
(11.42857143 10 0)
(8.571428571 10 0)
(5.714285714 10 0)
(2.857142857 10 0)
(2.458122594e-11 10 0)
(-2.857142857 10 0)
(-5.714285714 10 0)
(-8.571428571 10 0)
(-11.42857143 10 0)
(-14.28571429 10 0)
(-17.14285714 10 0)
(-20 7.142857143 0)
(-20 4.285714286 0)
(-20 1.428571429 0)
(-20 -1.428571429 0)
(-20 -4.285714286 0)
(-20 -7.142857143 0)
(-17.14285714 -10 0)
(-14.28571429 -10 0)
(-11.42857143 -10 0)
(-8.571428571 -10 0)
(-5.714285714 -10 0)
(-2.857142857 -10 0)
(-2.458122594e-11 -10 0)
(2.857142857 -10 0)
(5.714285714 -10 0)
(8.571428571 -10 0)
(11.42857143 -10 0)
(14.28571429 -10 0)
(17.14285714 -10 0)
(20 -7.142857143 0.1)
(20 -4.285714286 0.1)
(20 -1.428571429 0.1)
(20 1.428571429 0.1)
(20 4.285714286 0.1)
(20 7.142857143 0.1)
(17.14285714 10 0.1)
(14.28571429 10 0.1)
(11.42857143 10 0.1)
(8.571428571 10 0.1)
(5.714285714 10 0.1)
(2.857142857 10 0.1)
(2.458122594e-11 10 0.1)
(-2.857142857 10 0.1)
(-5.714285714 10 0.1)
(-8.571428571 10 0.1)
(-11.42857143 10 0.1)
(-14.28571429 10 0.1)
(-17.14285714 10 0.1)
(-20 7.142857143 0.1)
(-20 4.285714286 0.1)
(-20 1.428571429 0.1)
(-20 -1.428571429 0.1)
(-20 -4.285714286 0.1)
(-20 -7.142857143 0.1)
(-17.14285714 -10 0.1)
(-14.28571429 -10 0.1)
(-11.42857143 -10 0.1)
(-8.571428571 -10 0.1)
(-5.714285714 -10 0.1)
(-2.857142857 -10 0.1)
(-2.458122594e-11 -10 0.1)
(2.857142857 -10 0.1)
(5.714285714 -10 0.1)
(8.571428571 -10 0.1)
(11.42857143 -10 0.1)
(14.28571429 -10 0.1)
(17.14285714 -10 0.1)
(0.9929003268 -0.07270039944 0.1)
(0.9753797952 -0.07254294555 0.1)
(0.964876195 -0.07066460044 0.1)
(0.953892359 -0.06870037538 0.1)
(0.9424063312 -0.066646344 0.1)
(0.9303951505 -0.06449840023 0.1)
(0.9178348055 -0.06225225012 0.1)
(0.90470019 -0.05990340398 0.1)
(0.8909650423 -0.05744716542 0.1)
(0.8766019141 -0.05487862595 0.1)
(0.8615820893 -0.05219265028 0.1)
(0.8458755457 -0.04938386957 0.1)
(0.8294508808 -0.04644666817 0.1)
(0.8122752613 -0.04337517455 0.1)
(0.7943143551 -0.04016324912 0.1)
(0.7755322602 -0.03680447159 0.1)
(0.7558914291 -0.03329212739 0.1)
(0.7353525987 -0.02961919514 0.1)
(0.7138747115 -0.0257783326 0.1)
(0.6914148358 -0.02176186232 0.1)
(0.66792807 -0.01756175465 0.1)
(0.6433674658 -0.01316961383 0.1)
(0.6176839265 -0.00857666 0.1)
(0.5908261034 -0.003773710543 0.1)
(0.5627403222 0.001248833075 0.1)
(0.5333704313 0.006501012342 0.1)
(0.5026577132 0.01199332765 0.1)
(0.4705407867 0.01773675573 0.1)
(0.4369554309 0.02374278108 0.1)
(0.4018345279 0.03002340635 0.1)
(0.3651078568 0.03659118903 0.1)
(0.3267020074 0.04345925697 0.1)
(0.2865402039 0.0506413399 0.1)
(0.2445421622 0.0581517949 0.1)
(0.2006239311 0.06600563487 0.1)
(0.1546977089 0.07421856127 0.1)
(0.0759749314 0.05890558215 0.1)
(0.05362539736 0.04150357515 0.1)
(0.03735327136 0.02883361747 0.1)
(0.02550595319 0.0196089458 0.1)
(0.009458233368 0.01102380149 0.1)
(0.001019695691 0.02237241735 0.1)
(0.01237940082 0.0344691045 0.1)
(0.01981247638 0.0399961475 0.1)
(0.02724555194 0.0455231905 0.1)
(0.03467862749 0.0510502335 0.1)
(0.04211170305 0.0565772765 0.1)
(0.04954477861 0.0621043195 0.1)
(0.05697785417 0.0676313625 0.1)
(0.06441092972 0.0731584055 0.1)
(0.07184400528 0.0786854485 0.1)
(0.07927708084 0.0842124915 0.1)
(0.0867101564 0.0897395345 0.1)
(0.09414323195 0.0952665775 0.1)
(0.1190769594 0.1008654738 0.1)
(0.1288507463 0.09911809392 0.1)
(0.1386245332 0.09737071407 0.1)
(0.1483983201 0.09562333421 0.1)
(0.158172107 0.09387595436 0.1)
(0.1679458939 0.0921285745 0.1)
(0.1777196808 0.09038119465 0.1)
(0.1874934677 0.08863381479 0.1)
(0.1972672547 0.08688643494 0.1)
(0.2070410416 0.08513905508 0.1)
(0.2168148285 0.08339167523 0.1)
(0.2265886154 0.08164429538 0.1)
(0.2363624023 0.07989691552 0.1)
(0.2461361892 0.07814953567 0.1)
(0.2559099761 0.07640215581 0.1)
(0.265683763 0.07465477596 0.1)
(0.2754575499 0.0729073961 0.1)
(0.2852313368 0.07116001625 0.1)
(0.2950051238 0.0694126364 0.1)
(0.3047789107 0.06766525654 0.1)
(0.3145526976 0.06591787669 0.1)
(0.3243264845 0.06417049683 0.1)
(0.3341002714 0.06242311698 0.1)
(0.3438740583 0.06067573712 0.1)
(0.3536478452 0.05892835727 0.1)
(0.3634216321 0.05718097742 0.1)
(0.373195419 0.05543359756 0.1)
(0.3829692059 0.05368621771 0.1)
(0.3927429928 0.05193883785 0.1)
(0.4025167798 0.050191458 0.1)
(0.4122905667 0.04844407814 0.1)
(0.4220643536 0.04669669829 0.1)
(0.4318381405 0.04494931843 0.1)
(0.4416119274 0.04320193858 0.1)
(0.4513857143 0.04145455873 0.1)
(0.4611595012 0.03970717887 0.1)
(0.4709332881 0.03795979902 0.1)
(0.480707075 0.03621241916 0.1)
(0.4904808619 0.03446503931 0.1)
(0.5002546489 0.03271765945 0.1)
(0.5100284358 0.0309702796 0.1)
(0.5198022227 0.02922289975 0.1)
(0.5295760096 0.02747551989 0.1)
(0.5393497965 0.02572814004 0.1)
(0.5491235834 0.02398076018 0.1)
(0.5588973703 0.02223338033 0.1)
(0.5686711572 0.02048600047 0.1)
(0.5784449441 0.01873862062 0.1)
(0.588218731 0.01699124076 0.1)
(0.597992518 0.01524386091 0.1)
(0.6077663049 0.01349648106 0.1)
(0.6175400918 0.0117491012 0.1)
(0.6273138787 0.01000172135 0.1)
(0.6370876656 0.008254341493 0.1)
(0.6468614525 0.006506961638 0.1)
(0.6566352394 0.004759581784 0.1)
(0.6664090263 0.00301220193 0.1)
(0.6761828132 0.001264822075 0.1)
(0.6859566001 -0.000482557779 0.1)
(0.6957303871 -0.002229937633 0.1)
(0.705504174 -0.003977317488 0.1)
(0.7152779609 -0.005724697342 0.1)
(0.7250517478 -0.007472077196 0.1)
(0.7348255347 -0.009219457051 0.1)
(0.7445993216 -0.01096683691 0.1)
(0.7543731085 -0.01271421676 0.1)
(0.7641468954 -0.01446159661 0.1)
(0.7739206823 -0.01620897647 0.1)
(0.7836944692 -0.01795635632 0.1)
(0.7934682562 -0.01970373618 0.1)
(0.8032420431 -0.02145111603 0.1)
(0.81301583 -0.02319849589 0.1)
(0.8227896169 -0.02494587574 0.1)
(0.8325634038 -0.02669325559 0.1)
(0.8423371907 -0.02844063545 0.1)
(0.8521109776 -0.0301880153 0.1)
(0.8618847645 -0.03193539516 0.1)
(0.8716585514 -0.03368277501 0.1)
(0.8814323383 -0.03543015487 0.1)
(0.8912061252 -0.03717753472 0.1)
(0.9009799122 -0.03892491457 0.1)
(0.9107536991 -0.04067229443 0.1)
(0.920527486 -0.04241967428 0.1)
(0.9303012729 -0.04416705414 0.1)
(0.9400750598 -0.04591443399 0.1)
(0.9498488467 -0.04766181385 0.1)
(0.9596226336 -0.0494091937 0.1)
(0.9693964205 -0.05115657356 0.1)
(0.9791702074 -0.05290395341 0.1)
(0.9953892264 -0.05877899939 0.1)
(-8.214990998 -5.711714677 0)
(-7.196735709 -7.802098285 0)
(-9.830121981 -7.712834474 0)
(0.7985449053 -0.009468165569 0)
(0.7847753318 -0.009047498094 0)
(0.7919107226 0.003605925418 0)
(0.7793849048 0.002723751884 0)
(0.6238331997 -0.06411389642 0)
(0.6200923134 -0.03526334832 0)
(0.6427230495 -0.04492903998 0)
(0.599224242 -0.05399780084 0)
(0.4885658799 1.621662135 0)
(0.8156165936 1.979421904 0)
(0.861666784 1.508402169 0)
(0.2833859738 2.09989358 0)
(0.5178859803 0.03996942975 0)
(0.0943947497 0.1068257926 0)
(0.1110556488 0.1136046401 0)
(-0.1666442066 -0.3759730127 0)
(0.005689188916 -0.2265503228 0)
(0.03925674584 -0.3540684797 0)
(1.021800107 -0.06839483608 0)
(0.9896113004 -0.09405815422 0)
(0.9619424317 0.3161416811 0)
(0.8441613004 0.255616017 0)
(0.8310691191 0.3732503787 0)
(0.128913843 -0.2711336002 0)
(-0.5965404841 -0.1690653171 0)
(-0.6955957349 0.1078921763 0)
(-0.4027079004 0.07085364734 0)
(-0.4584352147 0.3057328638 0)
(0.3514173578 -0.1542926486 0)
(0.3355028326 -0.1200632708 0)
(0.3744526196 -0.1247185617 0)
(5.752803828 7.120504289 0)
(6.005866985 5.065916876 0)
(4.32327935 5.607883337 0)
(0.3545680257 0.08018901396 0)
(0.360001862 0.06859467445 0)
(0.3488096759 0.06970420498 0)
(0.7276422733 0.06274424313 0)
(0.7173427356 0.0432668563 0)
(0.7043328398 0.06127118517 0)
(0.6999150168 0.03873351082 0)
(-13.45434232 -2.35859404 0)
(-15.08386337 0.3008174715 0)
(-12.85180216 -0.1012735662 0)
(-12.70192781 2.372176918 0)
(14.48237343 -5.224617513 0)
(11.50806745 -5.435182106 0)
(12.86638376 -3.071081995 0)
(12.78391019 -7.574245759 0)
(-1.501632692 -0.4307334972 0)
(-1.07315298 -0.7312687787 0)
(-1.606405363 -1.186959268 0)
(0.3353601429 0.1918056686 0)
(0.3497461428 0.1688401178 0)
(0.3315496248 0.1535439462 0)
(-0.9615766872 -1.149269782 0)
(0.5851237524 0.02728379661 0)
(0.5742216428 0.02967404609 0)
(-0.06553937628 -1.155552214 0)
(0.2894692322 -1.40735667 0)
(-0.2294767382 -1.616812827 0)
(0.3189517832 -1.009289709 0)
(-11.24938619 -3.197707729 0)
(-12.57415324 -4.697904846 0)
(-10.49801764 -5.451950988 0)
(1.549194319 -2.137263708 0)
(1.666177206 -1.565311579 0)
(2.197981801 -1.816454242 0)
(2.012011718 -1.191000965 0)
(-4.146479003 2.924832457 0)
(-4.535709974 1.82339817 0)
(-5.563075539 2.691450673 0)
(-5.429170619 1.185087801 0)
(1.397640125 7.697453002 0)
(-1.042502846 7.889570404 0)
(0.9353828027 0.1985514587 0)
(0.3277227729 0.08300419892 0)
(0.3338489863 0.09462236993 0)
(0.34051477 0.08043079314 0)
(0.3478098644 0.09393610338 0)
(0.3057020252 0.1677621363 0)
(0.2736662224 0.1712032479 0)
(0.2969371543 0.2024873379 0)
(0.2899565466 0.1462978203 0)
(0.9478569841 -0.00216241276 0)
(0.9177056275 -0.0116515604 0)
(0.9187127148 0.02314630908 0)
(0.1430213676 0.001106149213 0)
(0.1689179053 -0.02242147808 0)
(0.1412113282 -0.03378244859 0)
(0.1789104529 0.01080175904 0)
(3.220283558 -3.452393685 0)
(4.024754884 -2.491579873 0)
(5.019213621 -3.555510022 0)
(0.5973531046 -0.07810224628 0)
(0.5766041659 -0.063566051 0)
(5.030268997 -1.912622969 0)
(0.006758018491 -0.00327484029 0)
(0.4010488876 0.1451632247 0)
(0.4273860856 0.1618753016 0)
(0.4213429356 0.1377174289 0)
(0.2772749095 0.666727802 0)
(0.3787278714 0.560958628 0)
(0.2685908405 0.5254772194 0)
(0.4717973861 0.08795517009 0)
(0.4739406404 0.1051431864 0)
(0.4858228802 0.0902769243 0)
(0.3668165712 -0.09727537124 0)
(0.2585466012 -0.1512463875 0)
(0.3120751293 -0.1613901587 0)
(0.2800848123 -0.2164137174 0)
(0.4678524358 0.697470382 0)
(0.2995170093 -0.1260413167 0)
(0.02209666143 0.235203631 0)
(0.08672669406 0.3439768067 0)
(0.1079159751 0.2428873535 0)
(0.4583568506 0.09544281623 0)
(0.2805365063 0.2464469038 0)
(0.3247493636 0.2343708611 0)
(0.9133276521 -0.03193822976 0)
(-9.753338901 7.236790064 0)
(-7.395564617 7.378611514 0)
(-8.574769734 4.913324231 0)
(0.3155570952 0.2871476016 0)
(0.5932061629 -0.02727073196 0)
(0.4201284666 0.08602380533 0)
(0.4317337975 0.08500144867 0)
(0.4218542244 0.07270658566 0)
(0.6319703128 -0.2153232321 0)
(0.6472291774 -0.2550230345 0)
(0.5973707809 -0.2385093874 0)
(0.9205622772 -0.07758481317 0)
(0.9284572717 -0.1021828923 0)
(0.9037415449 -0.08933462099 0)
(-0.2384176575 0.2295067699 0)
(-0.07219866697 0.3204060931 0)
(-0.0866138189 0.1832007511 0)
(1.212750415 0.5995391456 0)
(1.39802294 0.3469831839 0)
(1.138580901 0.3512893494 0)
(0.9029968473 -0.1106984908 0)
(-15.204465 3.155972166 0)
(-17.10173444 5.534012878 0)
(-13.96912012 5.11390955 0)
(-17.46858476 2.293329295 0)
(-2.254226062 3.347880379 0)
(-1.246412516 3.575436415 0)
(-1.491506989 2.613016144 0)
(-2.171702432 4.64493454 0)
(2.757047985 -1.154790377 0)
(2.184345083 -0.6752384051 0)
(2.678507252 -0.3099519239 0)
(0.443632238 0.1419307122 0)
(0.9390970772 -0.07799621123 0)
(0.4062160363 0.05932203034 0)
(0.9590462465 -0.08910816586 0)
(0.235222217 0.116480484 0)
(0.2461292423 0.1106229366 0)
(0.2355146481 0.1046368004 0)
(0.4593969233 0.170514183 0)
(0.4313728508 0.1930961773 0)
(0.3596957916 0.09150526268 0)
(0.3581646594 0.1058674849 0)
(0.3735167688 0.09871787984 0)
(0.3746308531 0.1156645181 0)
(0.8592213043 0.1748649263 0)
(0.07675594166 0.09937726672 0)
(3.998164795 -0.1190345655 0)
(3.363222123 0.7509459021 0)
(4.289954882 1.144664994 0)
(3.240226414 -0.02455753695 0)
(-0.3211176741 -2.962317778 0)
(0.3065403971 -3.678044257 0)
(-0.9289621672 -3.578297566 0)
(-0.2331616857 0.4235405665 0)
(0.5276656082 0.04457295757 0)
(0.5175964345 0.05170128813 0)
(0.530924516 0.05877121552 0)
(-0.8243330919 -5.072012753 0)
(-0.00157343607 0.5031073888 0)
(7.690599257 8.144636561 0)
(9.879992221 7.506800812 0)
(7.727238859 6.205587339 0)
(0.389259232 0.107037191 0)
(0.3862200593 0.08943397385 0)
(0.3396265997 0.06943453243 0)
(0.2647898806 5.908397627 0)
(0.2869686465 4.468579381 0)
(-0.8164713702 4.707675854 0)
(0.7585695923 -0.051536195 0)
(0.7365997605 -0.0479184648 0)
(-0.1351058162 3.491217621 0)
(-0.5178656011 -1.231630021 0)
(-0.6571841417 -0.878195192 0)
(1.091626645 -0.6038910053 0)
(1.045192689 -0.4261836747 0)
(1.223983965 -0.3477404974 0)
(1.504009175 -0.2724041633 0)
(1.794162803 -0.4537699395 0)
(1.42430371 -0.5379052307 0)
(1.035159903 -0.1478332397 0)
(1.72165283 -6.47301931 0)
(0.9625773134 -4.942699133 0)
(2.47216982 -4.823965023 0)
(0.5034554739 0.05933946667 0)
(0.5173481173 0.06377451849 0)
(1.787078906 -0.1799074137 0)
(0.9226635881 -0.5320131325 0)
(0.4996473701 0.09108856003 0)
(0.4956871454 0.07536980528 0)
(-2.155820029 -0.525109605 0)
(-2.327891311 0.1784015263 0)
(-1.84600857 -0.087715057 0)
(-1.773660423 0.4238122004 0)
(0.9604426952 -0.1370485512 0)
(0.7962142958 0.1864626812 0)
(0.509854587 0.07726781845 0)
(0.8189339322 0.01530548426 0)
(0.8005593282 0.01866344237 0)
(0.8149108026 0.04217256549 0)
(0.3585525281 0.1245592324 0)
(0.3415253341 0.1116120585 0)
(0.7910233508 -0.1602883323 0)
(0.7943630401 -0.1972247702 0)
(0.7587755308 -0.1897156446 0)
(0.7111455951 -0.04181444805 0)
(1.249889054 0.8778760193 0)
(1.572493653 0.6929690726 0)
(0.7666948469 -0.2330129621 0)
(0.4776612678 -0.07740997982 0)
(0.4938951601 -0.07144961152 0)
(0.4937447906 -0.09137155265 0)
(3.220794851 1.947325192 0)
(2.679002368 1.048441978 0)
(0.8061595078 0.001927484883 0)
(1.026545085 -0.008951357429 0)
(1.117080775 -0.05110864512 0)
(0.2747951793 -0.1002275612 0)
(1.295710201 -0.1182658593 0)
(1.143421852 -0.1884806502 0)
(1.067202736 0.0766720563 0)
(0.6515863039 -0.175295681 0)
(0.6756350907 -0.2164775423 0)
(0.3505288205 -0.2052890105 0)
(0.2200444001 0.2093533371 0)
(0.1943123024 0.2372011987 0)
(0.23048931 0.2477232138 0)
(1.051653913 0.1996481149 0)
(1.232607312 0.1208102886 0)
(0.324797423 -0.2886636611 0)
(0.6160840813 -0.8061911302 0)
(0.836980078 -0.6591941351 0)
(0.916728375 -0.8742262575 0)
(0.8560869858 0.02292607082 0)
(0.8780661182 0.01027095401 0)
(0.8562637049 0.004993796461 0)
(0.799680873 -0.1020123352 0)
(0.8113953772 -0.08320205819 0)
(0.8189839715 -0.1035656991 0)
(0.5814936874 0.03981539154 0)
(0.5670976363 0.04158430627 0)
(0.8998630555 -0.02495518443 0)
(0.6937194503 -0.1753737208 0)
(0.7282743309 -0.1773363862 0)
(0.7215421436 -0.2102438523 0)
(0.5794191017 0.05192465363 0)
(0.5947115046 0.04575933131 0)
(0.2000343408 -0.1381269938 0)
(0.2390437327 -0.1106452707 0)
(2.401715623 5.851636046 0)
(3.701611405 7.658774199 0)
(0.2081557028 -0.08952252744 0)
(0.2840127648 0.1283523673 0)
(0.2703763775 0.119636865 0)
(0.2660979648 0.142112437 0)
(-0.299605972 0.8348067714 0)
(-0.06238241067 1.169847691 0)
(0.06177626179 0.7765580569 0)
(0.31060638 0.1438674725 0)
(-0.4943219716 1.120805446 0)
(0.5926245479 0.05930218215 0)
(-0.9867436766 1.2300825 0)
(-0.6797336838 0.7839137556 0)
(-1.160681995 0.5855191974 0)
(0.8318693872 -0.2325330632 0)
(0.7832547852 -0.3024159449 0)
(0.3208316933 0.07375921713 0)
(0.3306035448 0.07254774444 0)
(0.9542879545 -0.03224766554 0)
(0.973081552 -0.03938265578 0)
(1.218412364 1.613671124 0)
(1.50171496 1.185306037 0)
(1.019021237 1.163734839 0)
(0.8317742358 -0.01317000152 0)
(0.8205315987 -0.002456115578 0)
(0.837918376 0.006279840389 0)
(0.8740628169 0.08131368028 0)
(0.8514508667 0.1156190432 0)
(0.9046610877 0.1256395283 0)
(-0.01164852342 0.0430682503 0)
(-0.01727612252 0.01166446294 0)
(0.06475299523 0.02037820405 0)
(0.03423919514 0.003036103138 0)
(0.05418647246 0.07397664919 0)
(0.06593634888 0.08342849726 0)
(0.241231313 -0.02082346104 0)
(0.2736162116 -0.01524946421 0)
(0.2539949793 -0.04387503382 0)
(0.2554560198 0.0007775503935 0)
(0.5751378789 -0.08428854129 0)
(0.5622711263 -0.06935681015 0)
(1.160168959 -2.822467094 0)
(0.3418999139 -2.616948728 0)
(0.1116278584 -0.01430720023 0)
(0.1150074803 -0.04377452612 0)
(0.1294718069 -0.06781824749 0)
(0.4560372026 -0.1860398981 0)
(0.4513488052 -0.2358599671 0)
(0.4074027 -0.1993938846 0)
(0.3935131548 -0.2574802463 0)
(0.4091098741 0.1155247788 0)
(0.3916179962 0.1244279405 0)
(0.5299838887 -0.1588944941 0)
(0.5243422804 -0.187299078 0)
(0.4943849817 -0.1704054759 0)
(0.4960725122 -0.2120015879 0)
(0.8199909642 -0.01550797254 0)
(0.3783372728 0.136875182 0)
(0.0377866119 0.06819170827 0)
(0.01879565432 0.05288152437 0)
(0.01235385249 0.08774467894 0)
(0.08855910192 0.1256319118 0)
(0.05964641601 -0.01237930267 0)
(0.0341202137 -0.04764664364 0)
(-2.995048955 0.719582924 0)
(-2.59118942 1.659279478 0)
(-2.165220407 0.9316361858 0)
(-3.574387998 1.715078443 0)
(0.6127232239 -0.1739854288 0)
(0.6285028392 -0.1487971964 0)
(0.7874852054 0.04885652628 0)
(0.7678887147 0.0487151351 0)
(0.7735528786 0.06743728296 0)
(0.2530725378 0.08782454636 0)
(0.2440483094 0.09665736606 0)
(0.2538379054 0.09920237375 0)
(0.65386932 0.1093889701 0)
(0.6494267481 0.1380204356 0)
(0.6737310237 0.1382496488 0)
(0.4814587583 -0.3472442459 0)
(0.5495364834 -0.4223307988 0)
(0.4394576026 -0.441277891 0)
(0.994233853 -0.04080237637 0)
(0.7751620431 0.03476889483 0)
(0.6797843649 -0.06611029041 0)
(0.6834454196 -0.04304800238 0)
(0.6987132832 -0.06307955501 0)
(0.5941394559 0.02410333646 0)
(0.8956176526 -0.006110310728 0)
(0.6241773589 0.04984754847 0)
(0.6171024507 0.04066778225 0)
(0.608347424 0.05228691657 0)
(-1.003211038 0.1949408587 0)
(-0.9944991245 -0.2026058823 0)
(0.6056433895 0.03808729117 0)
(0.7265271852 0.01192731715 0)
(0.7309813076 0.0003626634672 0)
(0.7174050494 0.002649314977 0)
(0.3797133931 0.1610975127 0)
(0.3991689398 0.1783768378 0)
(-0.05560906696 0.08801829327 0)
(0.6139884277 0.0203299064 0)
(0.624786695 0.02242425475 0)
(0.2180033029 -0.5681638971 0)
(0.1631946493 -0.4025125205 0)
(0.3080712072 -0.4144640441 0)
(-0.7536312614 0.4250729564 0)
(0.9487135685 0.5072681236 0)
(0.7616553547 0.486849141 0)
(0.67020217 -0.1533859923 0)
(0.03146114663 -0.5198272961 0)
(0.6177547944 0.06099148579 0)
(0.606385069 0.06775188691 0)
(0.6269779817 -0.3588026953 0)
(0.6723739539 -0.4661863483 0)
(-0.4113737259 -0.5979741986 0)
(-0.7603333191 -0.4952987196 0)
(-0.4373568073 -0.3627881023 0)
(10.18834414 -3.579157493 0)
(9.24934164 -5.786171241 0)
(0.4578355301 0.05108042989 0)
(0.4486454083 0.0511281696 0)
(0.4694670607 0.04860025586 0)
(0.482013384 0.04567761 0)
(0.9250384168 0.07303047198 0)
(0.8827634506 0.04290492696 0)
(0.399502079 -0.3406766848 0)
(0.2500054426 0.1245479781 0)
(0.2329001528 0.1291647151 0)
(0.5427562952 -0.07299592328 0)
(0.525298466 -0.07546439885 0)
(0.5293645669 -0.05668891353 0)
(0.1397644894 0.1063929857 0)
(0.582857831 0.1355515285 0)
(0.5740727593 0.1049106002 0)
(0.5566830844 0.1257678014 0)
(4.822687781 -0.9292393212 0)
(5.073176179 0.1439254005 0)
(0.6384945796 0.04938923142 0)
(0.6405266046 0.03722630677 0)
(0.6285133683 0.03616122995 0)
(3.8532146 -1.347948819 0)
(0.4486259111 -0.2880764546 0)
(0.2347437404 -0.2976071329 0)
(0.8043533861 -0.1237850628 0)
(0.3879178475 -0.1603517582 0)
(0.8288300353 -0.1315808705 0)
(0.6373082593 0.02798327604 0)
(0.587167754 -0.1970909165 0)
(0.08098177587 0.1721638424 0)
(0.1244394164 0.2011829592 0)
(0.1318787549 0.1649307485 0)
(0.6877923484 -0.08332723283 0)
(0.6630722251 -0.08109621179 0)
(0.1162937664 0.1392270876 0)
(0.6205522746 0.07472416872 0)
(0.6062226867 0.08569268273 0)
(0.6779173043 -0.6286524802 0)
(0.7897026103 -0.5203251689 0)
(0.3568606953 0.2642455931 0)
(0.6908538575 0.05085793087 0)
(0.6850122181 0.06770021196 0)
(0.6780636009 0.05050860413 0)
(0.2143438055 -0.02062206026 0)
(0.2194710767 -0.05159608234 0)
(-0.2924095395 -0.1456649056 0)
(-0.1792002405 0.05601880096 0)
(0.3657065214 0.225732268 0)
(0.3059623391 0.07830734569 0)
(0.3035071323 0.08738239596 0)
(0.3150655011 0.08368660332 0)
(0.5645766898 0.03027958604 0)
(0.7782852063 -0.05615874637 0)
(0.3225469388 0.09329616562 0)
(0.322655244 0.1053611944 0)
(0.2960926898 0.07858275268 0)
(0.7434910989 -0.09407851056 0)
(0.7182357924 -0.1006960092 0)
(0.7243655725 -0.08179721986 0)
(0.7073788675 -0.08227771068 0)
(2.767258337 0.3786272245 0)
(3.313563317 -0.5889276738 0)
(0.8347171079 0.07638171833 0)
(0.8191462874 0.1017344012 0)
(2.190217283 -0.2617590837 0)
(-1.721799712 6.080555396 0)
(1.917287805 0.09496840498 0)
(0.8130127552 -0.4092029249 0)
(0.8720537464 -0.3210900671 0)
(0.9367749485 -0.3781884233 0)
(0.3031500929 -0.02480176468 0)
(0.2978487852 -0.05247910464 0)
(0.2799207355 -0.0400732424 0)
(0.3230946987 -0.04298470439 0)
(0.3190818662 -0.0682969955 0)
(0.3710160039 0.3120517016 0)
(0.7828390055 -0.1204649171 0)
(0.4650764334 -0.05985763556 0)
(0.4817295943 -0.05580816245 0)
(0.7811984482 0.1001004367 0)
(0.8011326821 0.07143003993 0)
(0.5538925536 -0.08730040907 0)
(0.5547997821 -0.0565995823 0)
(0.5663879523 -0.09914159412 0)
(0.5442404581 -0.1064968506 0)
(0.5602100818 -0.1200546759 0)
(0.303623591 0.3600006038 0)
(0.692569356 0.008598549495 0)
(0.4734838059 0.2642697079 0)
(0.5394801272 0.2719535148 0)
(0.5122360643 0.2256391494 0)
(0.2445788164 -0.07599060441 0)
(0.5561953405 -0.145203069 0)
(0.5800594088 -0.1323255036 0)
(0.5820814417 -0.1626395281 0)
(-5.111069225 3.918186558 0)
(-6.721390464 3.542786397 0)
(-6.614124791 1.791120579 0)
(0.4967546819 0.1081877088 0)
(-0.06824678811 0.01930431979 0)
(-0.1176161795 -0.06827330309 0)
(0.170404785 0.09968354806 0)
(0.1813229598 0.1002905244 0)
(0.9451404021 -0.284564183 0)
(0.5097376259 0.1286132171 0)
(0.5365693472 0.139899308 0)
(0.5335866648 0.1152809639 0)
(0.4360973358 0.07039026186 0)
(0.7805101812 -0.0961363129 0)
(0.7951196972 -0.08374845953 0)
(0.2170468112 0.09521162438 0)
(0.2251850525 0.1070235736 0)
(0.2311456379 0.0926408718 0)
(0.4289960187 -0.1572118994 0)
(-7.531028978 0.739835422 0)
(-6.462867136 0.003170837235 0)
(0.5065833783 -0.03000758151 0)
(0.5215949381 -0.01561652703 0)
(0.5237521982 -0.03770667915 0)
(0.6537235327 -0.1025165906 0)
(0.6759905303 -0.1036454778 0)
(0.6403861837 -0.08325041982 0)
(0.6656279673 -0.127143929 0)
(0.6413809071 -0.1248183851 0)
(0.4926445527 -0.0121498289 0)
(0.2120423957 0.1105607611 0)
(0.2041221595 0.09854510292 0)
(1.400728686 2.235539162 0)
(1.788921577 1.644474428 0)
(0.111758001 -0.1048753897 0)
(0.05572515186 -0.1210101035 0)
(0.08876035807 -0.06927729655 0)
(0.4461084619 0.0815795545 0)
(0.1536062166 0.1176463327 0)
(0.151080238 0.1053332323 0)
(0.3217824409 0.1256138898 0)
(2.187903207 2.273935744 0)
(0.4879553383 0.1534161038 0)
(0.4820271269 0.1245546827 0)
(-0.3853575764 -2.205505232 0)
(2.376863486 1.585077141 0)
(0.1862374835 0.1102181159 0)
(0.1732003668 0.1131774147 0)
(0.163514848 0.1072895755 0)
(0.1322818039 0.1206216744 0)
(1.28468402 -0.8485518604 0)
(7.556421768 4.128272124 0)
(9.766533839 4.766872754 0)
(8.940392547 2.620947677 0)
(-2.426027291 -7.956352087 0)
(-4.218889769 -6.25131818 0)
(-2.091544718 -6.348981342 0)
(-2.673954823 -4.947976781 0)
(0.3577427019 0.1460469237 0)
(8.117569843 0.9907498072 0)
(6.776690714 0.9898096532 0)
(7.146544007 2.321306545 0)
(0.5599502709 0.2268411732 0)
(0.6086135395 0.2075644977 0)
(0.566720752 0.1872828132 0)
(0.5994903785 0.2652002202 0)
(0.5992279234 -0.1196389611 0)
(0.5840163677 -0.104811916 0)
(0.6004042393 -0.146464123 0)
(0.082318934 -0.03257898847 0)
(0.7705740046 0.3018106217 0)
(0.3409165782 0.1314319619 0)
(0.8495487057 0.0477364137 0)
(0.5170737924 0.161801063 0)
(0.1454438397 0.1385594047 0)
(0.7635424376 -0.06697488063 0)
(0.1454168083 0.03841460954 0)
(0.4385536965 -0.1076558433 0)
(0.4418163712 -0.1294554425 0)
(0.4118225899 -0.1244556024 0)
(0.4176920871 -0.09212076244 0)
(0.104819494 0.0256982829 0)
(0.3945338863 -0.098827142 0)
(0.7817505005 0.01816725154 0)
(0.767497675 0.02303093888 0)
(0.7679328544 0.008622624471 0)
(0.1884845302 -0.06682749739 0)
(0.1908227749 -0.04087597229 0)
(0.5239657674 -0.5816783717 0)
(0.5205176363 -0.1095076892 0)
(0.5329459519 -0.1314151031 0)
(0.5323598419 -0.09051844134 0)
(0.5551091144 -0.1786139089 0)
(0.8535252177 -0.02150338966 0)
(0.8412059192 -0.02015237054 0)
(0.8468330145 -0.008912754548 0)
(0.2712642114 -0.06688725571 0)
(0.1931474848 -0.01585605557 0)
(0.207485012 0.001420427932 0)
(-0.1510204475 -0.6304789451 0)
(0.05821021486 -0.7871727103 0)
(-0.2937858727 -0.8863874624 0)
(-15.59733503 -2.337049123 0)
(-11.58347005 -1.412426861 0)
(14.16403676 0.7922434974 0)
(16.51530777 1.124587011 0)
(15.10716422 -1.273469489 0)
(0.4666073214 -0.1451672218 0)
(14.7360128 2.868828504 0)
(0.3824265232 -0.561964175 0)
(0.2866412971 -1.930392032 0)
(-9.137717274 0.6668049185 0)
(-8.161840047 2.376084027 0)
(-10.09149383 2.610411599 0)
(0.6631040979 -0.05635183729 0)
(0.4653389482 0.1430843542 0)
(0.3510608873 -0.7254798291 0)
(-12.78063753 -7.348659927 0)
(-9.332108779 -3.651723653 0)
(0.741968697 0.007191696368 0)
(0.7397372949 -0.003312278058 0)
(0.7091620545 -0.3514850505 0)
(-0.1229196953 -0.1810871202 0)
(9.805302405 0.9378747974 0)
(8.738835154 -0.4827283584 0)
(0.8296547332 -0.08286760531 0)
(0.384815405 -0.07550785368 0)
(0.3985942555 -0.06007771864 0)
(0.4033789067 -0.0771027617 0)
(12.91614854 2.339675929 0)
(12.46035103 4.460432676 0)
(15.13747544 5.226678843 0)
(0.4169482989 0.05898729154 0)
(0.4284190397 0.05799323616 0)
(-1.948223874 -3.068626727 0)
(-1.866940904 -4.05597347 0)
(-2.940073396 -3.594246839 0)
(0.4391881463 -0.08254310082 0)
(0.5943456363 0.03349558416 0)
(10.94655938 2.599855219 0)
(11.92584531 0.6898112499 0)
(6.519050859 -2.23213544 0)
(0.3005415536 0.1263313672 0)
(1.044681838 -1.195411178 0)
(1.486255025 -1.175394823 0)
(1.222225272 -1.602422733 0)
(2.119617969 -2.698031147 0)
(0.7387481203 -1.556969838 0)
(0.8202153292 -0.06354553486 0)
(-5.157496647 6.914560571 0)
(-3.312394898 7.720995144 0)
(0.9648830502 -0.2095440155 0)
(0.9215937864 -0.1757104734 0)
(1.703232162 -3.717336175 0)
(0.5376881387 0.09156912575 0)
(0.5573089494 0.08529755876 0)
(0.5420396112 0.07331350448 0)
(-17.74882641 -0.64430505 0)
(0.5532011912 0.1040766983 0)
(0.6473969249 0.3057763049 0)
(0.581264211 0.3201969601 0)
(0.634210815 0.3660632196 0)
(-3.03907977 2.689815665 0)
(0.6941736768 0.08494646425 0)
(0.1877400885 0.2013512395 0)
(0.1572949545 0.2258587743 0)
(17.37576974 5.982565454 0)
(15.63847288 7.494625909 0)
(17.45541154 3.426235822 0)
(2.30498343 0.179727565 0)
(-6.316613879 5.309518417 0)
(-4.717341085 5.173662968 0)
(3.02958269 -2.164433763 0)
(4.036534151 -4.583451498 0)
(0.2516873524 0.3020913118 0)
(0.2049386205 0.3613951832 0)
(0.1774912974 0.281007373 0)
(-8.059561379 -0.7970744938 0)
(-6.779029262 -1.933975483 0)
(1.978324399 0.498411775 0)
(1.689562758 0.3141784707 0)
(1.641190354 3.243913259 0)
(2.723673744 3.171842756 0)
(2.310036798 4.21758154 0)
(3.34454576 4.289328183 0)
(3.683598289 3.078369954 0)
(0.2116495772 0.1804651756 0)
(0.1899449675 0.169928313 0)
(0.340069978 0.4512452302 0)
(0.2551908529 0.4253994666 0)
(0.4016273221 0.2125044575 0)
(0.4075506334 0.2609003368 0)
(0.4363799886 0.227995378 0)
(0.8306623592 -0.1727750297 0)
(0.6224461875 0.5817283191 0)
(0.4854531592 0.5632174599 0)
(-0.3032839685 -7.179119562 0)
(3.782149781 -6.144790932 0)
(5.594529302 -7.207096073 0)
(3.464018381 -8.002896084 0)
(5.437053198 -5.52007299 0)
(1.351446666 -8.220681689 0)
(-11.24546105 4.856598393 0)
(0.7346855912 0.04182086557 0)
(0.738065279 0.02219646494 0)
(0.723681078 0.02736173303 0)
(0.7422164943 -0.06868514895 0)
(0.7170812041 -0.06395234338 0)
(0.7124842644 0.02953192168 0)
(0.7132953338 0.0165638522 0)
(17.28439789 -5.979604211 0)
(18.05446565 -8.119962842 0)
(15.57711669 -7.791412761 0)
(17.04446592 -3.161568953 0)
(-3.398131173 5.780065421 0)
(1.696359238 -0.7990539045 0)
(0.6489976441 -0.1471637714 0)
(-7.538353831 -3.779060106 0)
(-5.745514356 -3.414705964 0)
(-18.12553676 8.142931287 0)
(-15.46152272 7.523533443 0)
(12.90749926 7.450244337 0)
(-18.26288418 -8.258149553 0)
(-15.76561957 -7.79973777 0)
(0.5737582584 -0.04082291154 0)
(0.9037469888 -2.095521106 0)
(0.3632626347 -0.06818183523 0)
(0.1797392866 0.04141101806 0)
(18.09435166 8.152250987 0)
(0.6043136092 0.02491278467 0)
(0.3802477653 -0.05357767423 0)
(-15.29145472 -4.897303433 0)
(-17.65722056 -3.41301543 0)
(11.41669424 -1.864776212 0)
(12.70490118 -0.874915042 0)
(-6.093607536 -5.577707782 0)
(0.4681673392 0.2115049988 0)
(10.32866627 -7.714757126 0)
(0.5637395153 0.3884569269 0)
(0.5389793586 0.470396261 0)
(0.6393356915 0.4453089215 0)
(0.1563045156 0.5830025168 0)
(0.9493221107 0.7859929686 0)
(0.7457061728 0.9697585976 0)
(0.3952808507 -0.02215575136 0)
(0.3768843472 -0.03022066021 0)
(0.3758266606 0.001476130021 0)
(-11.02172588 0.4620601445 0)
(0.8561400784 -0.1435533852 0)
(0.8842621181 -0.07518513391 0)
(0.9035748833 -0.07045040622 0)
(0.359573613 -0.04445447265 0)
(0.3538879008 -0.01933116915 0)
(-0.1866853368 0.613671278 0)
(-2.161667906 2.362888428 0)
(-1.705016743 1.669083845 0)
(0.8768622429 -0.1747845878 0)
(0.9017211354 -0.231168326 0)
(-9.896066787 -1.450717436 0)
(0.9760016243 0.1193526885 0)
(-4.152116987 0.5956669655 0)
(0.6581765155 0.1616437591 0)
(-3.54419869 4.052073873 0)
(0.5630879788 0.05818640258 0)
(0.5652535403 0.07197835496 0)
(0.5773346741 0.06579608126 0)
(0.2030412135 -0.2057003702 0)
(0.123909829 -0.1674231316 0)
(-2.858940252 -2.273261254 0)
(0.6017307191 0.1106986135 0)
(0.6072880837 0.1426466784 0)
(0.6277929711 0.1264412829 0)
(0.8099946535 -0.01176518498 0)
(0.5754438774 0.08194271684 0)
(0.432652977 0.4623966289 0)
(0.4801613953 0.3921502333 0)
(0.391364074 0.3798890405 0)
(0.4427880436 -0.005306369074 0)
(0.46769813 -0.01709548445 0)
(0.5898351567 0.09050920185 0)
(0.6274178885 0.09539146475 0)
(5.75405387 -0.85091872 0)
(7.10081042 -0.4461620559 0)
(0.7514030845 0.0803039877 0)
(0.6530529118 0.2433060662 0)
(0.7007776236 0.2177510031 0)
(0.6570958447 0.19443359 0)
(0.4481773971 -0.02915923354 0)
(0.4453821766 -0.05635414306 0)
(0.4287757715 -0.04407654213 0)
(0.4272865182 -0.02210313066 0)
(0.2141965628 0.03035551063 0)
(0.2308107328 0.002698102976 0)
(0.4660200133 -0.04041397193 0)
(0.7304729771 0.08745182946 0)
(0.7458127937 0.1074724057 0)
(-17.60623245 -6.163065458 0)
(0.7073759125 0.2790459302 0)
(0.7588554698 0.2370178908 0)
(0.6542995912 0.05600446494 0)
(0.6437007642 0.0658046625 0)
(0.6524321517 0.04244825722 0)
(0.5628169806 0.1550327305 0)
(0.5416456655 0.1662720549 0)
(0.7139007774 0.3663545761 0)
(0.6913279292 0.1731490511 0)
(-5.1395931 -1.971815741 0)
(-3.980675727 -1.854494534 0)
(-4.163097256 -2.936749175 0)
(-4.349693687 -0.8369266598 0)
(1.04331219 -0.2868581964 0)
(0.4396213125 0.05530128272 0)
(-4.265497109 -4.444067181 0)
(0.7604571919 -0.003980534489 0)
(0.2160134944 0.1581406945 0)
(0.2394394963 0.1755719248 0)
(0.8589758856 -0.1158394734 0)
(0.8834537166 -0.02408795543 0)
(0.867825559 -0.02191817001 0)
(0.8769918703 -0.009073120387 0)
(0.9138780424 -0.1383444555 0)
(0.2181406488 0.1370157077 0)
(0.2399863899 0.1462062656 0)
(0.8828139573 -0.1000758292 0)
(0.8827329275 -0.1307293035 0)
(0.670085552 0.08420254146 0)
(0.6846989189 0.1099709193 0)
(0.3060788351 0.1098024999 0)
(0.3105473513 0.09758377842 0)
(0.5341539657 0.03584689239 0)
(0.5437925079 0.03570225342 0)
(0.5056276536 -0.2713817966 0)
(4.622016898 3.919181086 0)
(6.854045788 -4.108857503 0)
(8.210302254 -2.987363804 0)
(0.8619543735 -0.08649896072 0)
(7.262846879 -5.849004489 0)
(0.8404031007 -0.1003522326 0)
(1.551166583 0.02090699913 0)
(2.030453893 1.052101491 0)
(0.1926620518 0.09981008922 0)
(1.270930159 4.548315548 0)
(0.3061446698 0.008700646815 0)
(0.2781131914 0.01473120728 0)
(0.310023196 -0.09594035462 0)
(0.2598260466 0.1090525123 0)
(0.5116592399 -0.06852158997 0)
(0.5117966431 -0.08798683401 0)
(0.004960862054 0.1500556944 0)
(0.05309579561 0.1215172449 0)
(0.791858537 0.03207514621 0)
(5.607155622 1.459642984 0)
(-1.080990145 -2.63115651 0)
(0.3428763958 0.01018674546 0)
(0.3289324127 -0.01774732786 0)
(-1.375305133 0.08792423073 0)
(0.04914748194 0.08899955762 0)
(0.5461276096 -0.2217192835 0)
(0.4419451417 0.3186796287 0)
(0.5106886336 0.3371801528 0)
(0.8206980909 3.565281397 0)
(-1.551243061 1.001531511 0)
(0.387495439 0.07465604854 0)
(0.3711463782 0.07919273834 0)
(0.1604822562 0.185946884 0)
(0.1649793058 0.1557383037 0)
(0.1930948109 0.1428574507 0)
(0.5457750502 -0.03454452409 0)
(0.5691891485 -0.02040670465 0)
(-0.439812273 1.515422753 0)
(0.4849945696 -0.0347316711 0)
(0.5020592199 -0.05119642397 0)
(0.7503506957 0.05579345865 0)
(0.5318901294 0.192848488 0)
(0.6854533455 2.763095525 0)
(0.2206717394 0.1213465907 0)
(10.67371767 -0.5680059134 0)
(0.5551186492 -0.3275817075 0)
(0.5595168586 -0.2681910368 0)
(0.6090308096 -0.2898194157 0)
(0.2952788573 0.09456893176 0)
(0.2799620643 0.0950166946 0)
(0.2876338861 0.1106164552 0)
(0.2839746374 0.08237952658 0)
(0.9320196707 -0.03026203987 0)
(0.476903961 0.07396225359 0)
(0.1633704738 -0.05535787187 0)
(0.1607492153 -0.09860781536 0)
(-0.9247112041 1.946661787 0)
(0.7493442264 -0.1576780152 0)
(0.7591660256 -0.1330363622 0)
(0.4135123874 -0.003493798683 0)
(-0.0302308786 -0.03435078796 0)
(0.643386123 0.0177307611 0)
(0.6345024195 0.01817396786 0)
(0.7615723385 -0.1074472964 0)
(0.762557259 -0.08613054184 0)
(0.7803551495 -0.07502823247 0)
(0.370607548 0.1892118609 0)
(0.204901178 0.1241230019 0)
(0.772044639 -0.005587882044 0)
(0.1978354263 0.1113248903 0)
(0.1877417325 0.1224359872 0)
(0.4945218048 0.1901850717 0)
(-0.4497274261 0.5587488681 0)
(0.6162175852 0.02998215435 0)
(0.4078220647 0.08134988028 0)
(0.4113412507 0.06907974555 0)
(0.4004155491 0.07127686342 0)
(0.7384700574 -0.1162520447 0)
(0.7912431843 0.6276410967 0)
(-2.471002967 -1.289670564 0)
(-1.734820016 -2.009350857 0)
(0.8349390849 0.02609797222 0)
(-3.29896744 -1.315079993 0)
(0.8536213871 -0.06655543111 0)
(0.01384182004 2.652021725 0)
(0.4981616925 -0.1075330712 0)
(0.5033195906 -0.1351650042 0)
(0.3130220645 0.8188331925 0)
(0.2850287351 1.036598233 0)
(-0.9267690992 -1.71750244 0)
(7.829998885 -7.724470012 0)
(0.4249292633 0.1004692985 0)
(0.4124124289 0.0957883466 0)
(0.7542067964 0.0167730457 0)
(0.7545875701 0.005323528771 0)
(0.2731792439 0.1050412926 0)
(2.358085778 0.6258701459 0)
(0.2662834491 0.09451293322 0)
(0.340688883 -0.08434046544 0)
(0.3441188099 -0.05686979035 0)
(0.342278156 -0.03644717574 0)
(8.419132078 -4.468570936 0)
(0.6636823118 0.03428698835 0)
(0.665068762 0.0472431673 0)
(0.6736498837 0.03718970297 0)
(-0.0280687573 -0.1126592486 0)
(0.7556205141 0.03459162927 0)
(-12.76006254 7.317390457 0)
(4.536108317 2.447853736 0)
(0.7085460327 -0.266880146 0)
(0.6583186148 -0.3030125448 0)
(0.6990141335 -0.1046338104 0)
(0.712055683 -0.1253632554 0)
(0.6590931506 -1.145397319 0)
(-5.671876352 -0.9588368738 0)
(-5.294991248 0.02467456365 0)
(0.2728203368 0.08311239111 0)
(0.2629570715 0.08296355958 0)
(0.6600001451 -0.03464729374 0)
(0.04839376914 1.620592161 0)
(0.4324480406 0.1188793325 0)
(0.8009808756 -0.06327784291 0)
(0.6836014378 0.7650783712 0)
(0.5161609552 0.9188746531 0)
(0.719061662 -0.1525844997 0)
(0.4652518864 0.06193921517 0)
(0.4771568586 0.05789632278 0)
(0.4887805071 0.05959771246 0)
(0.9851388689 0.05073067509 0)
(0.9806798473 -0.01104869531 0)
(0.4599845996 -0.07946469655 0)
(0.08470493153 -0.00347161366 0)
(9.511425448 -1.786238201 0)
(0.3692870494 0.06595901576 0)
(0.3795562635 0.06488756953 0)
(0.5255852859 0.07702406679 0)
(0.2963094994 -0.07620488677 0)
(0.2578929124 0.2082953404 0)
(0.7129194289 0.1075161591 0)
(0.7049921443 0.1394741306 0)
(0.7331690708 0.1339050182 0)
(0.595581374 0.173866435 0)
(5.900712779 3.140121595 0)
(0.1262603805 0.1083125313 0)
(0.3256193556 -5.904639486 0)
(0.3956038072 0.08198372921 0)
(0.4001871232 0.09508470809 0)
(0.7364543753 -0.1361399628 0)
(5.994156267 0.2178908137 0)
(0.6289970773 0.1635917579 0)
(0.6215993974 -0.08503657961 0)
(0.668495668 0.06301721586 0)
(0.6091405438 -0.1019222783 0)
(0.5469046054 0.0582936457 0)
(0.4413214573 0.09996454363 0)
(0.5161478225 0.09826815002 0)
(0.1695843163 0.1323280868 0)
(0.2416159584 0.08694107414 0)
(0.8388778386 -0.06474269676 0)
(-3.097395203 -0.3687215758 0)
(0.4570200627 -0.09833476863 0)
(0.1591630924 0.4605060159 0)
(0.6462406882 -0.06616844589 0)
(0.6021361733 1.214095537 0)
(0.2822760015 1.312291716 0)
(0.4132454521 -0.03327995568 0)
(0.4183379907 -0.06090893817 0)
(0.3970956695 -0.04365362347 0)
(7.703872279 -1.675225804 0)
(0.4767681673 -0.1007026096 0)
(0.4815197634 -0.1219483426 0)
(0.4603968365 -0.1171271948 0)
(0.7126113683 0.08091954702 0)
(0.6915382152 -0.1424583955 0)
(0.6883161937 -0.120368152 0)
(17.76429849 -0.67072724 0)
(-4.73600647 -7.95751212 0)
(0.6509436878 0.02974149635 0)
(0.6537698476 0.01581800591 0)
(0.2228083315 0.08830806192 0)
(-0.6841813695 2.717125019 0)
(0.5389023285 0.04591307963 0)
(0.2506566482 0.02654125747 0)
(-8.699825865 -2.343688723 0)
(0.8630588223 -0.007730903991 0)
(-0.2820807491 2.056550402 0)
(0.3124966407 0.07360946823 0)
(0.6728985533 0.01298892611 0)
(0.6620281568 0.01219581383 0)
(0.6634089979 0.02287523211 0)
(0.6473511076 0.08364406212 0)
(0.634607934 0.07768669203 0)
(0.5462272502 -0.01343351312 0)
(0.8676434384 -0.06727887693 0)
(0.5525336028 0.04585261069 0)
(0.4510660467 0.0643321936 0)
(0.6761441661 0.02665106333 0)
(0.5914334178 0.07389026158 0)
(0.6832805118 0.008137731536 0)
(0.6854664551 0.01737153716 0)
(0.7492821394 -0.003176449028 0)
(0.7365764748 0.1756542911 0)
(0.2553223884 0.1580026519 0)
(0.6995732462 0.02074174111 0)
(0.6892902968 0.027739141 0)
(0.4558446675 0.1194668943 0)
(0.6184114462 -0.1237889787 0)
(0.6329926892 -0.1020633855 0)
(0.6308031188 0.0608003846 0)
(0.4632353652 0.07763987848 0)
(0.6850324011 0.03835814033 0)
(0.6568016052 0.07195891869 0)
(0.8459910552 -0.08030202345 0)
(0.7673807381 0.1391921177 0)
(0.5544947541 0.03508498477 0)
(0.5075166261 0.04345958738 0)
(0.4961682551 0.04581263517 0)
(14.78074088 -3.184213787 0)
(0.5255358702 0.03581447959 0)
(0.704457162 0.007949504002 0)
(11.04395657 5.94303566 0)
(0.5534069036 0.06934905993 0)
(0.8116836554 0.1354275372 0)
(0.3931778017 0.06073492916 0)
(-8.214990998 -5.711714677 0.1)
(-7.196735709 -7.802098285 0.1)
(-9.830121981 -7.712834474 0.1)
(0.7985449053 -0.009468165569 0.1)
(0.7847753318 -0.009047498094 0.1)
(0.7919107226 0.003605925418 0.1)
(0.7793849048 0.002723751884 0.1)
(0.6238331997 -0.06411389642 0.1)
(0.6200923134 -0.03526334832 0.1)
(0.6427230495 -0.04492903998 0.1)
(0.599224242 -0.05399780084 0.1)
(0.4885658799 1.621662135 0.1)
(0.8156165936 1.979421904 0.1)
(0.861666784 1.508402169 0.1)
(0.2833859738 2.09989358 0.1)
(0.5178859803 0.03996942975 0.1)
(0.0943947497 0.1068257926 0.1)
(0.1110556488 0.1136046401 0.1)
(-0.1666442066 -0.3759730127 0.1)
(0.005689188916 -0.2265503228 0.1)
(0.03925674584 -0.3540684797 0.1)
(1.021800107 -0.06839483608 0.1)
(0.9896113004 -0.09405815422 0.1)
(0.9619424317 0.3161416811 0.1)
(0.8441613004 0.255616017 0.1)
(0.8310691191 0.3732503787 0.1)
(0.128913843 -0.2711336002 0.1)
(-0.5965404841 -0.1690653171 0.1)
(-0.6955957349 0.1078921763 0.1)
(-0.4027079004 0.07085364734 0.1)
(-0.4584352147 0.3057328638 0.1)
(0.3514173578 -0.1542926486 0.1)
(0.3355028326 -0.1200632708 0.1)
(0.3744526196 -0.1247185617 0.1)
(5.752803828 7.120504289 0.1)
(6.005866985 5.065916876 0.1)
(4.32327935 5.607883337 0.1)
(0.3545680257 0.08018901396 0.1)
(0.360001862 0.06859467445 0.1)
(0.3488096759 0.06970420498 0.1)
(0.7276422733 0.06274424313 0.1)
(0.7173427356 0.0432668563 0.1)
(0.7043328398 0.06127118517 0.1)
(0.6999150168 0.03873351082 0.1)
(-13.45434232 -2.35859404 0.1)
(-15.08386337 0.3008174715 0.1)
(-12.85180216 -0.1012735662 0.1)
(-12.70192781 2.372176918 0.1)
(14.48237343 -5.224617513 0.1)
(11.50806745 -5.435182106 0.1)
(12.86638376 -3.071081995 0.1)
(12.78391019 -7.574245759 0.1)
(-1.501632692 -0.4307334972 0.1)
(-1.07315298 -0.7312687787 0.1)
(-1.606405363 -1.186959268 0.1)
(0.3353601429 0.1918056686 0.1)
(0.3497461428 0.1688401178 0.1)
(0.3315496248 0.1535439462 0.1)
(-0.9615766872 -1.149269782 0.1)
(0.5851237524 0.02728379661 0.1)
(0.5742216428 0.02967404609 0.1)
(-0.06553937628 -1.155552214 0.1)
(0.2894692322 -1.40735667 0.1)
(-0.2294767382 -1.616812827 0.1)
(0.3189517832 -1.009289709 0.1)
(-11.24938619 -3.197707729 0.1)
(-12.57415324 -4.697904846 0.1)
(-10.49801764 -5.451950988 0.1)
(1.549194319 -2.137263708 0.1)
(1.666177206 -1.565311579 0.1)
(2.197981801 -1.816454242 0.1)
(2.012011718 -1.191000965 0.1)
(-4.146479003 2.924832457 0.1)
(-4.535709974 1.82339817 0.1)
(-5.563075539 2.691450673 0.1)
(-5.429170619 1.185087801 0.1)
(1.397640125 7.697453002 0.1)
(-1.042502846 7.889570404 0.1)
(0.9353828027 0.1985514587 0.1)
(0.3277227729 0.08300419892 0.1)
(0.3338489863 0.09462236993 0.1)
(0.34051477 0.08043079314 0.1)
(0.3478098644 0.09393610338 0.1)
(0.3057020252 0.1677621363 0.1)
(0.2736662224 0.1712032479 0.1)
(0.2969371543 0.2024873379 0.1)
(0.2899565466 0.1462978203 0.1)
(0.9478569841 -0.00216241276 0.1)
(0.9177056275 -0.0116515604 0.1)
(0.9187127148 0.02314630908 0.1)
(0.1430213676 0.001106149213 0.1)
(0.1689179053 -0.02242147808 0.1)
(0.1412113282 -0.03378244859 0.1)
(0.1789104529 0.01080175904 0.1)
(3.220283558 -3.452393685 0.1)
(4.024754884 -2.491579873 0.1)
(5.019213621 -3.555510022 0.1)
(0.5973531046 -0.07810224628 0.1)
(0.5766041659 -0.063566051 0.1)
(5.030268997 -1.912622969 0.1)
(0.006758018491 -0.00327484029 0.1)
(0.4010488876 0.1451632247 0.1)
(0.4273860856 0.1618753016 0.1)
(0.4213429356 0.1377174289 0.1)
(0.2772749095 0.666727802 0.1)
(0.3787278714 0.560958628 0.1)
(0.2685908405 0.5254772194 0.1)
(0.4717973861 0.08795517009 0.1)
(0.4739406404 0.1051431864 0.1)
(0.4858228802 0.0902769243 0.1)
(0.3668165712 -0.09727537124 0.1)
(0.2585466012 -0.1512463875 0.1)
(0.3120751293 -0.1613901587 0.1)
(0.2800848123 -0.2164137174 0.1)
(0.4678524358 0.697470382 0.1)
(0.2995170093 -0.1260413167 0.1)
(0.02209666143 0.235203631 0.1)
(0.08672669406 0.3439768067 0.1)
(0.1079159751 0.2428873535 0.1)
(0.4583568506 0.09544281623 0.1)
(0.2805365063 0.2464469038 0.1)
(0.3247493636 0.2343708611 0.1)
(0.9133276521 -0.03193822976 0.1)
(-9.753338901 7.236790064 0.1)
(-7.395564617 7.378611514 0.1)
(-8.574769734 4.913324231 0.1)
(0.3155570952 0.2871476016 0.1)
(0.5932061629 -0.02727073196 0.1)
(0.4201284666 0.08602380533 0.1)
(0.4317337975 0.08500144867 0.1)
(0.4218542244 0.07270658566 0.1)
(0.6319703128 -0.2153232321 0.1)
(0.6472291774 -0.2550230345 0.1)
(0.5973707809 -0.2385093874 0.1)
(0.9205622772 -0.07758481317 0.1)
(0.9284572717 -0.1021828923 0.1)
(0.9037415449 -0.08933462099 0.1)
(-0.2384176575 0.2295067699 0.1)
(-0.07219866697 0.3204060931 0.1)
(-0.0866138189 0.1832007511 0.1)
(1.212750415 0.5995391456 0.1)
(1.39802294 0.3469831839 0.1)
(1.138580901 0.3512893494 0.1)
(0.9029968473 -0.1106984908 0.1)
(-15.204465 3.155972166 0.1)
(-17.10173444 5.534012878 0.1)
(-13.96912012 5.11390955 0.1)
(-17.46858476 2.293329295 0.1)
(-2.254226062 3.347880379 0.1)
(-1.246412516 3.575436415 0.1)
(-1.491506989 2.613016144 0.1)
(-2.171702432 4.64493454 0.1)
(2.757047985 -1.154790377 0.1)
(2.184345083 -0.6752384051 0.1)
(2.678507252 -0.3099519239 0.1)
(0.443632238 0.1419307122 0.1)
(0.9390970772 -0.07799621123 0.1)
(0.4062160363 0.05932203034 0.1)
(0.9590462465 -0.08910816586 0.1)
(0.235222217 0.116480484 0.1)
(0.2461292423 0.1106229366 0.1)
(0.2355146481 0.1046368004 0.1)
(0.4593969233 0.170514183 0.1)
(0.4313728508 0.1930961773 0.1)
(0.3596957916 0.09150526268 0.1)
(0.3581646594 0.1058674849 0.1)
(0.3735167688 0.09871787984 0.1)
(0.3746308531 0.1156645181 0.1)
(0.8592213043 0.1748649263 0.1)
(0.07675594166 0.09937726672 0.1)
(3.998164795 -0.1190345655 0.1)
(3.363222123 0.7509459021 0.1)
(4.289954882 1.144664994 0.1)
(3.240226414 -0.02455753695 0.1)
(-0.3211176741 -2.962317778 0.1)
(0.3065403971 -3.678044257 0.1)
(-0.9289621672 -3.578297566 0.1)
(-0.2331616857 0.4235405665 0.1)
(0.5276656082 0.04457295757 0.1)
(0.5175964345 0.05170128813 0.1)
(0.530924516 0.05877121552 0.1)
(-0.8243330919 -5.072012753 0.1)
(-0.00157343607 0.5031073888 0.1)
(7.690599257 8.144636561 0.1)
(9.879992221 7.506800812 0.1)
(7.727238859 6.205587339 0.1)
(0.389259232 0.107037191 0.1)
(0.3862200593 0.08943397385 0.1)
(0.3396265997 0.06943453243 0.1)
(0.2647898806 5.908397627 0.1)
(0.2869686465 4.468579381 0.1)
(-0.8164713702 4.707675854 0.1)
(0.7585695923 -0.051536195 0.1)
(0.7365997605 -0.0479184648 0.1)
(-0.1351058162 3.491217621 0.1)
(-0.5178656011 -1.231630021 0.1)
(-0.6571841417 -0.878195192 0.1)
(1.091626645 -0.6038910053 0.1)
(1.045192689 -0.4261836747 0.1)
(1.223983965 -0.3477404974 0.1)
(1.504009175 -0.2724041633 0.1)
(1.794162803 -0.4537699395 0.1)
(1.42430371 -0.5379052307 0.1)
(1.035159903 -0.1478332397 0.1)
(1.72165283 -6.47301931 0.1)
(0.9625773134 -4.942699133 0.1)
(2.47216982 -4.823965023 0.1)
(0.5034554739 0.05933946667 0.1)
(0.5173481173 0.06377451849 0.1)
(1.787078906 -0.1799074137 0.1)
(0.9226635881 -0.5320131325 0.1)
(0.4996473701 0.09108856003 0.1)
(0.4956871454 0.07536980528 0.1)
(-2.155820029 -0.525109605 0.1)
(-2.327891311 0.1784015263 0.1)
(-1.84600857 -0.087715057 0.1)
(-1.773660423 0.4238122004 0.1)
(0.9604426952 -0.1370485512 0.1)
(0.7962142958 0.1864626812 0.1)
(0.509854587 0.07726781845 0.1)
(0.8189339322 0.01530548426 0.1)
(0.8005593282 0.01866344237 0.1)
(0.8149108026 0.04217256549 0.1)
(0.3585525281 0.1245592324 0.1)
(0.3415253341 0.1116120585 0.1)
(0.7910233508 -0.1602883323 0.1)
(0.7943630401 -0.1972247702 0.1)
(0.7587755308 -0.1897156446 0.1)
(0.7111455951 -0.04181444805 0.1)
(1.249889054 0.8778760193 0.1)
(1.572493653 0.6929690726 0.1)
(0.7666948469 -0.2330129621 0.1)
(0.4776612678 -0.07740997982 0.1)
(0.4938951601 -0.07144961152 0.1)
(0.4937447906 -0.09137155265 0.1)
(3.220794851 1.947325192 0.1)
(2.679002368 1.048441978 0.1)
(0.8061595078 0.001927484883 0.1)
(1.026545085 -0.008951357429 0.1)
(1.117080775 -0.05110864512 0.1)
(0.2747951793 -0.1002275612 0.1)
(1.295710201 -0.1182658593 0.1)
(1.143421852 -0.1884806502 0.1)
(1.067202736 0.0766720563 0.1)
(0.6515863039 -0.175295681 0.1)
(0.6756350907 -0.2164775423 0.1)
(0.3505288205 -0.2052890105 0.1)
(0.2200444001 0.2093533371 0.1)
(0.1943123024 0.2372011987 0.1)
(0.23048931 0.2477232138 0.1)
(1.051653913 0.1996481149 0.1)
(1.232607312 0.1208102886 0.1)
(0.324797423 -0.2886636611 0.1)
(0.6160840813 -0.8061911302 0.1)
(0.836980078 -0.6591941351 0.1)
(0.916728375 -0.8742262575 0.1)
(0.8560869858 0.02292607082 0.1)
(0.8780661182 0.01027095401 0.1)
(0.8562637049 0.004993796461 0.1)
(0.799680873 -0.1020123352 0.1)
(0.8113953772 -0.08320205819 0.1)
(0.8189839715 -0.1035656991 0.1)
(0.5814936874 0.03981539154 0.1)
(0.5670976363 0.04158430627 0.1)
(0.8998630555 -0.02495518443 0.1)
(0.6937194503 -0.1753737208 0.1)
(0.7282743309 -0.1773363862 0.1)
(0.7215421436 -0.2102438523 0.1)
(0.5794191017 0.05192465363 0.1)
(0.5947115046 0.04575933131 0.1)
(0.2000343408 -0.1381269938 0.1)
(0.2390437327 -0.1106452707 0.1)
(2.401715623 5.851636046 0.1)
(3.701611405 7.658774199 0.1)
(0.2081557028 -0.08952252744 0.1)
(0.2840127648 0.1283523673 0.1)
(0.2703763775 0.119636865 0.1)
(0.2660979648 0.142112437 0.1)
(-0.299605972 0.8348067714 0.1)
(-0.06238241067 1.169847691 0.1)
(0.06177626179 0.7765580569 0.1)
(0.31060638 0.1438674725 0.1)
(-0.4943219716 1.120805446 0.1)
(0.5926245479 0.05930218215 0.1)
(-0.9867436766 1.2300825 0.1)
(-0.6797336838 0.7839137556 0.1)
(-1.160681995 0.5855191974 0.1)
(0.8318693872 -0.2325330632 0.1)
(0.7832547852 -0.3024159449 0.1)
(0.3208316933 0.07375921713 0.1)
(0.3306035448 0.07254774444 0.1)
(0.9542879545 -0.03224766554 0.1)
(0.973081552 -0.03938265578 0.1)
(1.218412364 1.613671124 0.1)
(1.50171496 1.185306037 0.1)
(1.019021237 1.163734839 0.1)
(0.8317742358 -0.01317000152 0.1)
(0.8205315987 -0.002456115578 0.1)
(0.837918376 0.006279840389 0.1)
(0.8740628169 0.08131368028 0.1)
(0.8514508667 0.1156190432 0.1)
(0.9046610877 0.1256395283 0.1)
(-0.01164852342 0.0430682503 0.1)
(-0.01727612252 0.01166446294 0.1)
(0.06475299523 0.02037820405 0.1)
(0.03423919514 0.003036103138 0.1)
(0.05418647246 0.07397664919 0.1)
(0.06593634888 0.08342849726 0.1)
(0.241231313 -0.02082346104 0.1)
(0.2736162116 -0.01524946421 0.1)
(0.2539949793 -0.04387503382 0.1)
(0.2554560198 0.0007775503935 0.1)
(0.5751378789 -0.08428854129 0.1)
(0.5622711263 -0.06935681015 0.1)
(1.160168959 -2.822467094 0.1)
(0.3418999139 -2.616948728 0.1)
(0.1116278584 -0.01430720023 0.1)
(0.1150074803 -0.04377452612 0.1)
(0.1294718069 -0.06781824749 0.1)
(0.4560372026 -0.1860398981 0.1)
(0.4513488052 -0.2358599671 0.1)
(0.4074027 -0.1993938846 0.1)
(0.3935131548 -0.2574802463 0.1)
(0.4091098741 0.1155247788 0.1)
(0.3916179962 0.1244279405 0.1)
(0.5299838887 -0.1588944941 0.1)
(0.5243422804 -0.187299078 0.1)
(0.4943849817 -0.1704054759 0.1)
(0.4960725122 -0.2120015879 0.1)
(0.8199909642 -0.01550797254 0.1)
(0.3783372728 0.136875182 0.1)
(0.0377866119 0.06819170827 0.1)
(0.01879565432 0.05288152437 0.1)
(0.01235385249 0.08774467894 0.1)
(0.08855910192 0.1256319118 0.1)
(0.05964641601 -0.01237930267 0.1)
(0.0341202137 -0.04764664364 0.1)
(-2.995048955 0.719582924 0.1)
(-2.59118942 1.659279478 0.1)
(-2.165220407 0.9316361858 0.1)
(-3.574387998 1.715078443 0.1)
(0.6127232239 -0.1739854288 0.1)
(0.6285028392 -0.1487971964 0.1)
(0.7874852054 0.04885652628 0.1)
(0.7678887147 0.0487151351 0.1)
(0.7735528786 0.06743728296 0.1)
(0.2530725378 0.08782454636 0.1)
(0.2440483094 0.09665736606 0.1)
(0.2538379054 0.09920237375 0.1)
(0.65386932 0.1093889701 0.1)
(0.6494267481 0.1380204356 0.1)
(0.6737310237 0.1382496488 0.1)
(0.4814587583 -0.3472442459 0.1)
(0.5495364834 -0.4223307988 0.1)
(0.4394576026 -0.441277891 0.1)
(0.994233853 -0.04080237637 0.1)
(0.7751620431 0.03476889483 0.1)
(0.6797843649 -0.06611029041 0.1)
(0.6834454196 -0.04304800238 0.1)
(0.6987132832 -0.06307955501 0.1)
(0.5941394559 0.02410333646 0.1)
(0.8956176526 -0.006110310728 0.1)
(0.6241773589 0.04984754847 0.1)
(0.6171024507 0.04066778225 0.1)
(0.608347424 0.05228691657 0.1)
(-1.003211038 0.1949408587 0.1)
(-0.9944991245 -0.2026058823 0.1)
(0.6056433895 0.03808729117 0.1)
(0.7265271852 0.01192731715 0.1)
(0.7309813076 0.0003626634672 0.1)
(0.7174050494 0.002649314977 0.1)
(0.3797133931 0.1610975127 0.1)
(0.3991689398 0.1783768378 0.1)
(-0.05560906696 0.08801829327 0.1)
(0.6139884277 0.0203299064 0.1)
(0.624786695 0.02242425475 0.1)
(0.2180033029 -0.5681638971 0.1)
(0.1631946493 -0.4025125205 0.1)
(0.3080712072 -0.4144640441 0.1)
(-0.7536312614 0.4250729564 0.1)
(0.9487135685 0.5072681236 0.1)
(0.7616553547 0.486849141 0.1)
(0.67020217 -0.1533859923 0.1)
(0.03146114663 -0.5198272961 0.1)
(0.6177547944 0.06099148579 0.1)
(0.606385069 0.06775188691 0.1)
(0.6269779817 -0.3588026953 0.1)
(0.6723739539 -0.4661863483 0.1)
(-0.4113737259 -0.5979741986 0.1)
(-0.7603333191 -0.4952987196 0.1)
(-0.4373568073 -0.3627881023 0.1)
(10.18834414 -3.579157493 0.1)
(9.24934164 -5.786171241 0.1)
(0.4578355301 0.05108042989 0.1)
(0.4486454083 0.0511281696 0.1)
(0.4694670607 0.04860025586 0.1)
(0.482013384 0.04567761 0.1)
(0.9250384168 0.07303047198 0.1)
(0.8827634506 0.04290492696 0.1)
(0.399502079 -0.3406766848 0.1)
(0.2500054426 0.1245479781 0.1)
(0.2329001528 0.1291647151 0.1)
(0.5427562952 -0.07299592328 0.1)
(0.525298466 -0.07546439885 0.1)
(0.5293645669 -0.05668891353 0.1)
(0.1397644894 0.1063929857 0.1)
(0.582857831 0.1355515285 0.1)
(0.5740727593 0.1049106002 0.1)
(0.5566830844 0.1257678014 0.1)
(4.822687781 -0.9292393212 0.1)
(5.073176179 0.1439254005 0.1)
(0.6384945796 0.04938923142 0.1)
(0.6405266046 0.03722630677 0.1)
(0.6285133683 0.03616122995 0.1)
(3.8532146 -1.347948819 0.1)
(0.4486259111 -0.2880764546 0.1)
(0.2347437404 -0.2976071329 0.1)
(0.8043533861 -0.1237850628 0.1)
(0.3879178475 -0.1603517582 0.1)
(0.8288300353 -0.1315808705 0.1)
(0.6373082593 0.02798327604 0.1)
(0.587167754 -0.1970909165 0.1)
(0.08098177587 0.1721638424 0.1)
(0.1244394164 0.2011829592 0.1)
(0.1318787549 0.1649307485 0.1)
(0.6877923484 -0.08332723283 0.1)
(0.6630722251 -0.08109621179 0.1)
(0.1162937664 0.1392270876 0.1)
(0.6205522746 0.07472416872 0.1)
(0.6062226867 0.08569268273 0.1)
(0.6779173043 -0.6286524802 0.1)
(0.7897026103 -0.5203251689 0.1)
(0.3568606953 0.2642455931 0.1)
(0.6908538575 0.05085793087 0.1)
(0.6850122181 0.06770021196 0.1)
(0.6780636009 0.05050860413 0.1)
(0.2143438055 -0.02062206026 0.1)
(0.2194710767 -0.05159608234 0.1)
(-0.2924095395 -0.1456649056 0.1)
(-0.1792002405 0.05601880096 0.1)
(0.3657065214 0.225732268 0.1)
(0.3059623391 0.07830734569 0.1)
(0.3035071323 0.08738239596 0.1)
(0.3150655011 0.08368660332 0.1)
(0.5645766898 0.03027958604 0.1)
(0.7782852063 -0.05615874637 0.1)
(0.3225469388 0.09329616562 0.1)
(0.322655244 0.1053611944 0.1)
(0.2960926898 0.07858275268 0.1)
(0.7434910989 -0.09407851056 0.1)
(0.7182357924 -0.1006960092 0.1)
(0.7243655725 -0.08179721986 0.1)
(0.7073788675 -0.08227771068 0.1)
(2.767258337 0.3786272245 0.1)
(3.313563317 -0.5889276738 0.1)
(0.8347171079 0.07638171833 0.1)
(0.8191462874 0.1017344012 0.1)
(2.190217283 -0.2617590837 0.1)
(-1.721799712 6.080555396 0.1)
(1.917287805 0.09496840498 0.1)
(0.8130127552 -0.4092029249 0.1)
(0.8720537464 -0.3210900671 0.1)
(0.9367749485 -0.3781884233 0.1)
(0.3031500929 -0.02480176468 0.1)
(0.2978487852 -0.05247910464 0.1)
(0.2799207355 -0.0400732424 0.1)
(0.3230946987 -0.04298470439 0.1)
(0.3190818662 -0.0682969955 0.1)
(0.3710160039 0.3120517016 0.1)
(0.7828390055 -0.1204649171 0.1)
(0.4650764334 -0.05985763556 0.1)
(0.4817295943 -0.05580816245 0.1)
(0.7811984482 0.1001004367 0.1)
(0.8011326821 0.07143003993 0.1)
(0.5538925536 -0.08730040907 0.1)
(0.5547997821 -0.0565995823 0.1)
(0.5663879523 -0.09914159412 0.1)
(0.5442404581 -0.1064968506 0.1)
(0.5602100818 -0.1200546759 0.1)
(0.303623591 0.3600006038 0.1)
(0.692569356 0.008598549495 0.1)
(0.4734838059 0.2642697079 0.1)
(0.5394801272 0.2719535148 0.1)
(0.5122360643 0.2256391494 0.1)
(0.2445788164 -0.07599060441 0.1)
(0.5561953405 -0.145203069 0.1)
(0.5800594088 -0.1323255036 0.1)
(0.5820814417 -0.1626395281 0.1)
(-5.111069225 3.918186558 0.1)
(-6.721390464 3.542786397 0.1)
(-6.614124791 1.791120579 0.1)
(0.4967546819 0.1081877088 0.1)
(-0.06824678811 0.01930431979 0.1)
(-0.1176161795 -0.06827330309 0.1)
(0.170404785 0.09968354806 0.1)
(0.1813229598 0.1002905244 0.1)
(0.9451404021 -0.284564183 0.1)
(0.5097376259 0.1286132171 0.1)
(0.5365693472 0.139899308 0.1)
(0.5335866648 0.1152809639 0.1)
(0.4360973358 0.07039026186 0.1)
(0.7805101812 -0.0961363129 0.1)
(0.7951196972 -0.08374845953 0.1)
(0.2170468112 0.09521162438 0.1)
(0.2251850525 0.1070235736 0.1)
(0.2311456379 0.0926408718 0.1)
(0.4289960187 -0.1572118994 0.1)
(-7.531028978 0.739835422 0.1)
(-6.462867136 0.003170837235 0.1)
(0.5065833783 -0.03000758151 0.1)
(0.5215949381 -0.01561652703 0.1)
(0.5237521982 -0.03770667915 0.1)
(0.6537235327 -0.1025165906 0.1)
(0.6759905303 -0.1036454778 0.1)
(0.6403861837 -0.08325041982 0.1)
(0.6656279673 -0.127143929 0.1)
(0.6413809071 -0.1248183851 0.1)
(0.4926445527 -0.0121498289 0.1)
(0.2120423957 0.1105607611 0.1)
(0.2041221595 0.09854510292 0.1)
(1.400728686 2.235539162 0.1)
(1.788921577 1.644474428 0.1)
(0.111758001 -0.1048753897 0.1)
(0.05572515186 -0.1210101035 0.1)
(0.08876035807 -0.06927729655 0.1)
(0.4461084619 0.0815795545 0.1)
(0.1536062166 0.1176463327 0.1)
(0.151080238 0.1053332323 0.1)
(0.3217824409 0.1256138898 0.1)
(2.187903207 2.273935744 0.1)
(0.4879553383 0.1534161038 0.1)
(0.4820271269 0.1245546827 0.1)
(-0.3853575764 -2.205505232 0.1)
(2.376863486 1.585077141 0.1)
(0.1862374835 0.1102181159 0.1)
(0.1732003668 0.1131774147 0.1)
(0.163514848 0.1072895755 0.1)
(0.1322818039 0.1206216744 0.1)
(1.28468402 -0.8485518604 0.1)
(7.556421768 4.128272124 0.1)
(9.766533839 4.766872754 0.1)
(8.940392547 2.620947677 0.1)
(-2.426027291 -7.956352087 0.1)
(-4.218889769 -6.25131818 0.1)
(-2.091544718 -6.348981342 0.1)
(-2.673954823 -4.947976781 0.1)
(0.3577427019 0.1460469237 0.1)
(8.117569843 0.9907498072 0.1)
(6.776690714 0.9898096532 0.1)
(7.146544007 2.321306545 0.1)
(0.5599502709 0.2268411732 0.1)
(0.6086135395 0.2075644977 0.1)
(0.566720752 0.1872828132 0.1)
(0.5994903785 0.2652002202 0.1)
(0.5992279234 -0.1196389611 0.1)
(0.5840163677 -0.104811916 0.1)
(0.6004042393 -0.146464123 0.1)
(0.082318934 -0.03257898847 0.1)
(0.7705740046 0.3018106217 0.1)
(0.3409165782 0.1314319619 0.1)
(0.8495487057 0.0477364137 0.1)
(0.5170737924 0.161801063 0.1)
(0.1454438397 0.1385594047 0.1)
(0.7635424376 -0.06697488063 0.1)
(0.1454168083 0.03841460954 0.1)
(0.4385536965 -0.1076558433 0.1)
(0.4418163712 -0.1294554425 0.1)
(0.4118225899 -0.1244556024 0.1)
(0.4176920871 -0.09212076244 0.1)
(0.104819494 0.0256982829 0.1)
(0.3945338863 -0.098827142 0.1)
(0.7817505005 0.01816725154 0.1)
(0.767497675 0.02303093888 0.1)
(0.7679328544 0.008622624471 0.1)
(0.1884845302 -0.06682749739 0.1)
(0.1908227749 -0.04087597229 0.1)
(0.5239657674 -0.5816783717 0.1)
(0.5205176363 -0.1095076892 0.1)
(0.5329459519 -0.1314151031 0.1)
(0.5323598419 -0.09051844134 0.1)
(0.5551091144 -0.1786139089 0.1)
(0.8535252177 -0.02150338966 0.1)
(0.8412059192 -0.02015237054 0.1)
(0.8468330145 -0.008912754548 0.1)
(0.2712642114 -0.06688725571 0.1)
(0.1931474848 -0.01585605557 0.1)
(0.207485012 0.001420427932 0.1)
(-0.1510204475 -0.6304789451 0.1)
(0.05821021486 -0.7871727103 0.1)
(-0.2937858727 -0.8863874624 0.1)
(-15.59733503 -2.337049123 0.1)
(-11.58347005 -1.412426861 0.1)
(14.16403676 0.7922434974 0.1)
(16.51530777 1.124587011 0.1)
(15.10716422 -1.273469489 0.1)
(0.4666073214 -0.1451672218 0.1)
(14.7360128 2.868828504 0.1)
(0.3824265232 -0.561964175 0.1)
(0.2866412971 -1.930392032 0.1)
(-9.137717274 0.6668049185 0.1)
(-8.161840047 2.376084027 0.1)
(-10.09149383 2.610411599 0.1)
(0.6631040979 -0.05635183729 0.1)
(0.4653389482 0.1430843542 0.1)
(0.3510608873 -0.7254798291 0.1)
(-12.78063753 -7.348659927 0.1)
(-9.332108779 -3.651723653 0.1)
(0.741968697 0.007191696368 0.1)
(0.7397372949 -0.003312278058 0.1)
(0.7091620545 -0.3514850505 0.1)
(-0.1229196953 -0.1810871202 0.1)
(9.805302405 0.9378747974 0.1)
(8.738835154 -0.4827283584 0.1)
(0.8296547332 -0.08286760531 0.1)
(0.384815405 -0.07550785368 0.1)
(0.3985942555 -0.06007771864 0.1)
(0.4033789067 -0.0771027617 0.1)
(12.91614854 2.339675929 0.1)
(12.46035103 4.460432676 0.1)
(15.13747544 5.226678843 0.1)
(0.4169482989 0.05898729154 0.1)
(0.4284190397 0.05799323616 0.1)
(-1.948223874 -3.068626727 0.1)
(-1.866940904 -4.05597347 0.1)
(-2.940073396 -3.594246839 0.1)
(0.4391881463 -0.08254310082 0.1)
(0.5943456363 0.03349558416 0.1)
(10.94655938 2.599855219 0.1)
(11.92584531 0.6898112499 0.1)
(6.519050859 -2.23213544 0.1)
(0.3005415536 0.1263313672 0.1)
(1.044681838 -1.195411178 0.1)
(1.486255025 -1.175394823 0.1)
(1.222225272 -1.602422733 0.1)
(2.119617969 -2.698031147 0.1)
(0.7387481203 -1.556969838 0.1)
(0.8202153292 -0.06354553486 0.1)
(-5.157496647 6.914560571 0.1)
(-3.312394898 7.720995144 0.1)
(0.9648830502 -0.2095440155 0.1)
(0.9215937864 -0.1757104734 0.1)
(1.703232162 -3.717336175 0.1)
(0.5376881387 0.09156912575 0.1)
(0.5573089494 0.08529755876 0.1)
(0.5420396112 0.07331350448 0.1)
(-17.74882641 -0.64430505 0.1)
(0.5532011912 0.1040766983 0.1)
(0.6473969249 0.3057763049 0.1)
(0.581264211 0.3201969601 0.1)
(0.634210815 0.3660632196 0.1)
(-3.03907977 2.689815665 0.1)
(0.6941736768 0.08494646425 0.1)
(0.1877400885 0.2013512395 0.1)
(0.1572949545 0.2258587743 0.1)
(17.37576974 5.982565454 0.1)
(15.63847288 7.494625909 0.1)
(17.45541154 3.426235822 0.1)
(2.30498343 0.179727565 0.1)
(-6.316613879 5.309518417 0.1)
(-4.717341085 5.173662968 0.1)
(3.02958269 -2.164433763 0.1)
(4.036534151 -4.583451498 0.1)
(0.2516873524 0.3020913118 0.1)
(0.2049386205 0.3613951832 0.1)
(0.1774912974 0.281007373 0.1)
(-8.059561379 -0.7970744938 0.1)
(-6.779029262 -1.933975483 0.1)
(1.978324399 0.498411775 0.1)
(1.689562758 0.3141784707 0.1)
(1.641190354 3.243913259 0.1)
(2.723673744 3.171842756 0.1)
(2.310036798 4.21758154 0.1)
(3.34454576 4.289328183 0.1)
(3.683598289 3.078369954 0.1)
(0.2116495772 0.1804651756 0.1)
(0.1899449675 0.169928313 0.1)
(0.340069978 0.4512452302 0.1)
(0.2551908529 0.4253994666 0.1)
(0.4016273221 0.2125044575 0.1)
(0.4075506334 0.2609003368 0.1)
(0.4363799886 0.227995378 0.1)
(0.8306623592 -0.1727750297 0.1)
(0.6224461875 0.5817283191 0.1)
(0.4854531592 0.5632174599 0.1)
(-0.3032839685 -7.179119562 0.1)
(3.782149781 -6.144790932 0.1)
(5.594529302 -7.207096073 0.1)
(3.464018381 -8.002896084 0.1)
(5.437053198 -5.52007299 0.1)
(1.351446666 -8.220681689 0.1)
(-11.24546105 4.856598393 0.1)
(0.7346855912 0.04182086557 0.1)
(0.738065279 0.02219646494 0.1)
(0.723681078 0.02736173303 0.1)
(0.7422164943 -0.06868514895 0.1)
(0.7170812041 -0.06395234338 0.1)
(0.7124842644 0.02953192168 0.1)
(0.7132953338 0.0165638522 0.1)
(17.28439789 -5.979604211 0.1)
(18.05446565 -8.119962842 0.1)
(15.57711669 -7.791412761 0.1)
(17.04446592 -3.161568953 0.1)
(-3.398131173 5.780065421 0.1)
(1.696359238 -0.7990539045 0.1)
(0.6489976441 -0.1471637714 0.1)
(-7.538353831 -3.779060106 0.1)
(-5.745514356 -3.414705964 0.1)
(-18.12553676 8.142931287 0.1)
(-15.46152272 7.523533443 0.1)
(12.90749926 7.450244337 0.1)
(-18.26288418 -8.258149553 0.1)
(-15.76561957 -7.79973777 0.1)
(0.5737582584 -0.04082291154 0.1)
(0.9037469888 -2.095521106 0.1)
(0.3632626347 -0.06818183523 0.1)
(0.1797392866 0.04141101806 0.1)
(18.09435166 8.152250987 0.1)
(0.6043136092 0.02491278467 0.1)
(0.3802477653 -0.05357767423 0.1)
(-15.29145472 -4.897303433 0.1)
(-17.65722056 -3.41301543 0.1)
(11.41669424 -1.864776212 0.1)
(12.70490118 -0.874915042 0.1)
(-6.093607536 -5.577707782 0.1)
(0.4681673392 0.2115049988 0.1)
(10.32866627 -7.714757126 0.1)
(0.5637395153 0.3884569269 0.1)
(0.5389793586 0.470396261 0.1)
(0.6393356915 0.4453089215 0.1)
(0.1563045156 0.5830025168 0.1)
(0.9493221107 0.7859929686 0.1)
(0.7457061728 0.9697585976 0.1)
(0.3952808507 -0.02215575136 0.1)
(0.3768843472 -0.03022066021 0.1)
(0.3758266606 0.001476130021 0.1)
(-11.02172588 0.4620601445 0.1)
(0.8561400784 -0.1435533852 0.1)
(0.8842621181 -0.07518513391 0.1)
(0.9035748833 -0.07045040622 0.1)
(0.359573613 -0.04445447265 0.1)
(0.3538879008 -0.01933116915 0.1)
(-0.1866853368 0.613671278 0.1)
(-2.161667906 2.362888428 0.1)
(-1.705016743 1.669083845 0.1)
(0.8768622429 -0.1747845878 0.1)
(0.9017211354 -0.231168326 0.1)
(-9.896066787 -1.450717436 0.1)
(0.9760016243 0.1193526885 0.1)
(-4.152116987 0.5956669655 0.1)
(0.6581765155 0.1616437591 0.1)
(-3.54419869 4.052073873 0.1)
(0.5630879788 0.05818640258 0.1)
(0.5652535403 0.07197835496 0.1)
(0.5773346741 0.06579608126 0.1)
(0.2030412135 -0.2057003702 0.1)
(0.123909829 -0.1674231316 0.1)
(-2.858940252 -2.273261254 0.1)
(0.6017307191 0.1106986135 0.1)
(0.6072880837 0.1426466784 0.1)
(0.6277929711 0.1264412829 0.1)
(0.8099946535 -0.01176518498 0.1)
(0.5754438774 0.08194271684 0.1)
(0.432652977 0.4623966289 0.1)
(0.4801613953 0.3921502333 0.1)
(0.391364074 0.3798890405 0.1)
(0.4427880436 -0.005306369074 0.1)
(0.46769813 -0.01709548445 0.1)
(0.5898351567 0.09050920185 0.1)
(0.6274178885 0.09539146475 0.1)
(5.75405387 -0.85091872 0.1)
(7.10081042 -0.4461620559 0.1)
(0.7514030845 0.0803039877 0.1)
(0.6530529118 0.2433060662 0.1)
(0.7007776236 0.2177510031 0.1)
(0.6570958447 0.19443359 0.1)
(0.4481773971 -0.02915923354 0.1)
(0.4453821766 -0.05635414306 0.1)
(0.4287757715 -0.04407654213 0.1)
(0.4272865182 -0.02210313066 0.1)
(0.2141965628 0.03035551063 0.1)
(0.2308107328 0.002698102976 0.1)
(0.4660200133 -0.04041397193 0.1)
(0.7304729771 0.08745182946 0.1)
(0.7458127937 0.1074724057 0.1)
(-17.60623245 -6.163065458 0.1)
(0.7073759125 0.2790459302 0.1)
(0.7588554698 0.2370178908 0.1)
(0.6542995912 0.05600446494 0.1)
(0.6437007642 0.0658046625 0.1)
(0.6524321517 0.04244825722 0.1)
(0.5628169806 0.1550327305 0.1)
(0.5416456655 0.1662720549 0.1)
(0.7139007774 0.3663545761 0.1)
(0.6913279292 0.1731490511 0.1)
(-5.1395931 -1.971815741 0.1)
(-3.980675727 -1.854494534 0.1)
(-4.163097256 -2.936749175 0.1)
(-4.349693687 -0.8369266598 0.1)
(1.04331219 -0.2868581964 0.1)
(0.4396213125 0.05530128272 0.1)
(-4.265497109 -4.444067181 0.1)
(0.7604571919 -0.003980534489 0.1)
(0.2160134944 0.1581406945 0.1)
(0.2394394963 0.1755719248 0.1)
(0.8589758856 -0.1158394734 0.1)
(0.8834537166 -0.02408795543 0.1)
(0.867825559 -0.02191817001 0.1)
(0.8769918703 -0.009073120387 0.1)
(0.9138780424 -0.1383444555 0.1)
(0.2181406488 0.1370157077 0.1)
(0.2399863899 0.1462062656 0.1)
(0.8828139573 -0.1000758292 0.1)
(0.8827329275 -0.1307293035 0.1)
(0.670085552 0.08420254146 0.1)
(0.6846989189 0.1099709193 0.1)
(0.3060788351 0.1098024999 0.1)
(0.3105473513 0.09758377842 0.1)
(0.5341539657 0.03584689239 0.1)
(0.5437925079 0.03570225342 0.1)
(0.5056276536 -0.2713817966 0.1)
(4.622016898 3.919181086 0.1)
(6.854045788 -4.108857503 0.1)
(8.210302254 -2.987363804 0.1)
(0.8619543735 -0.08649896072 0.1)
(7.262846879 -5.849004489 0.1)
(0.8404031007 -0.1003522326 0.1)
(1.551166583 0.02090699913 0.1)
(2.030453893 1.052101491 0.1)
(0.1926620518 0.09981008922 0.1)
(1.270930159 4.548315548 0.1)
(0.3061446698 0.008700646815 0.1)
(0.2781131914 0.01473120728 0.1)
(0.310023196 -0.09594035462 0.1)
(0.2598260466 0.1090525123 0.1)
(0.5116592399 -0.06852158997 0.1)
(0.5117966431 -0.08798683401 0.1)
(0.004960862054 0.1500556944 0.1)
(0.05309579561 0.1215172449 0.1)
(0.791858537 0.03207514621 0.1)
(5.607155622 1.459642984 0.1)
(-1.080990145 -2.63115651 0.1)
(0.3428763958 0.01018674546 0.1)
(0.3289324127 -0.01774732786 0.1)
(-1.375305133 0.08792423073 0.1)
(0.04914748194 0.08899955762 0.1)
(0.5461276096 -0.2217192835 0.1)
(0.4419451417 0.3186796287 0.1)
(0.5106886336 0.3371801528 0.1)
(0.8206980909 3.565281397 0.1)
(-1.551243061 1.001531511 0.1)
(0.387495439 0.07465604854 0.1)
(0.3711463782 0.07919273834 0.1)
(0.1604822562 0.185946884 0.1)
(0.1649793058 0.1557383037 0.1)
(0.1930948109 0.1428574507 0.1)
(0.5457750502 -0.03454452409 0.1)
(0.5691891485 -0.02040670465 0.1)
(-0.439812273 1.515422753 0.1)
(0.4849945696 -0.0347316711 0.1)
(0.5020592199 -0.05119642397 0.1)
(0.7503506957 0.05579345865 0.1)
(0.5318901294 0.192848488 0.1)
(0.6854533455 2.763095525 0.1)
(0.2206717394 0.1213465907 0.1)
(10.67371767 -0.5680059134 0.1)
(0.5551186492 -0.3275817075 0.1)
(0.5595168586 -0.2681910368 0.1)
(0.6090308096 -0.2898194157 0.1)
(0.2952788573 0.09456893176 0.1)
(0.2799620643 0.0950166946 0.1)
(0.2876338861 0.1106164552 0.1)
(0.2839746374 0.08237952658 0.1)
(0.9320196707 -0.03026203987 0.1)
(0.476903961 0.07396225359 0.1)
(0.1633704738 -0.05535787187 0.1)
(0.1607492153 -0.09860781536 0.1)
(-0.9247112041 1.946661787 0.1)
(0.7493442264 -0.1576780152 0.1)
(0.7591660256 -0.1330363622 0.1)
(0.4135123874 -0.003493798683 0.1)
(-0.0302308786 -0.03435078796 0.1)
(0.643386123 0.0177307611 0.1)
(0.6345024195 0.01817396786 0.1)
(0.7615723385 -0.1074472964 0.1)
(0.762557259 -0.08613054184 0.1)
(0.7803551495 -0.07502823247 0.1)
(0.370607548 0.1892118609 0.1)
(0.204901178 0.1241230019 0.1)
(0.772044639 -0.005587882044 0.1)
(0.1978354263 0.1113248903 0.1)
(0.1877417325 0.1224359872 0.1)
(0.4945218048 0.1901850717 0.1)
(-0.4497274261 0.5587488681 0.1)
(0.6162175852 0.02998215435 0.1)
(0.4078220647 0.08134988028 0.1)
(0.4113412507 0.06907974555 0.1)
(0.4004155491 0.07127686342 0.1)
(0.7384700574 -0.1162520447 0.1)
(0.7912431843 0.6276410967 0.1)
(-2.471002967 -1.289670564 0.1)
(-1.734820016 -2.009350857 0.1)
(0.8349390849 0.02609797222 0.1)
(-3.29896744 -1.315079993 0.1)
(0.8536213871 -0.06655543111 0.1)
(0.01384182004 2.652021725 0.1)
(0.4981616925 -0.1075330712 0.1)
(0.5033195906 -0.1351650042 0.1)
(0.3130220645 0.8188331925 0.1)
(0.2850287351 1.036598233 0.1)
(-0.9267690992 -1.71750244 0.1)
(7.829998885 -7.724470012 0.1)
(0.4249292633 0.1004692985 0.1)
(0.4124124289 0.0957883466 0.1)
(0.7542067964 0.0167730457 0.1)
(0.7545875701 0.005323528771 0.1)
(0.2731792439 0.1050412926 0.1)
(2.358085778 0.6258701459 0.1)
(0.2662834491 0.09451293322 0.1)
(0.340688883 -0.08434046544 0.1)
(0.3441188099 -0.05686979035 0.1)
(0.342278156 -0.03644717574 0.1)
(8.419132078 -4.468570936 0.1)
(0.6636823118 0.03428698835 0.1)
(0.665068762 0.0472431673 0.1)
(0.6736498837 0.03718970297 0.1)
(-0.0280687573 -0.1126592486 0.1)
(0.7556205141 0.03459162927 0.1)
(-12.76006254 7.317390457 0.1)
(4.536108317 2.447853736 0.1)
(0.7085460327 -0.266880146 0.1)
(0.6583186148 -0.3030125448 0.1)
(0.6990141335 -0.1046338104 0.1)
(0.712055683 -0.1253632554 0.1)
(0.6590931506 -1.145397319 0.1)
(-5.671876352 -0.9588368738 0.1)
(-5.294991248 0.02467456365 0.1)
(0.2728203368 0.08311239111 0.1)
(0.2629570715 0.08296355958 0.1)
(0.6600001451 -0.03464729374 0.1)
(0.04839376914 1.620592161 0.1)
(0.4324480406 0.1188793325 0.1)
(0.8009808756 -0.06327784291 0.1)
(0.6836014378 0.7650783712 0.1)
(0.5161609552 0.9188746531 0.1)
(0.719061662 -0.1525844997 0.1)
(0.4652518864 0.06193921517 0.1)
(0.4771568586 0.05789632278 0.1)
(0.4887805071 0.05959771246 0.1)
(0.9851388689 0.05073067509 0.1)
(0.9806798473 -0.01104869531 0.1)
(0.4599845996 -0.07946469655 0.1)
(0.08470493153 -0.00347161366 0.1)
(9.511425448 -1.786238201 0.1)
(0.3692870494 0.06595901576 0.1)
(0.3795562635 0.06488756953 0.1)
(0.5255852859 0.07702406679 0.1)
(0.2963094994 -0.07620488677 0.1)
(0.2578929124 0.2082953404 0.1)
(0.7129194289 0.1075161591 0.1)
(0.7049921443 0.1394741306 0.1)
(0.7331690708 0.1339050182 0.1)
(0.595581374 0.173866435 0.1)
(5.900712779 3.140121595 0.1)
(0.1262603805 0.1083125313 0.1)
(0.3256193556 -5.904639486 0.1)
(0.3956038072 0.08198372921 0.1)
(0.4001871232 0.09508470809 0.1)
(0.7364543753 -0.1361399628 0.1)
(5.994156267 0.2178908137 0.1)
(0.6289970773 0.1635917579 0.1)
(0.6215993974 -0.08503657961 0.1)
(0.668495668 0.06301721586 0.1)
(0.6091405438 -0.1019222783 0.1)
(0.5469046054 0.0582936457 0.1)
(0.4413214573 0.09996454363 0.1)
(0.5161478225 0.09826815002 0.1)
(0.1695843163 0.1323280868 0.1)
(0.2416159584 0.08694107414 0.1)
(0.8388778386 -0.06474269676 0.1)
(-3.097395203 -0.3687215758 0.1)
(0.4570200627 -0.09833476863 0.1)
(0.1591630924 0.4605060159 0.1)
(0.6462406882 -0.06616844589 0.1)
(0.6021361733 1.214095537 0.1)
(0.2822760015 1.312291716 0.1)
(0.4132454521 -0.03327995568 0.1)
(0.4183379907 -0.06090893817 0.1)
(0.3970956695 -0.04365362347 0.1)
(7.703872279 -1.675225804 0.1)
(0.4767681673 -0.1007026096 0.1)
(0.4815197634 -0.1219483426 0.1)
(0.4603968365 -0.1171271948 0.1)
(0.7126113683 0.08091954702 0.1)
(0.6915382152 -0.1424583955 0.1)
(0.6883161937 -0.120368152 0.1)
(17.76429849 -0.67072724 0.1)
(-4.73600647 -7.95751212 0.1)
(0.6509436878 0.02974149635 0.1)
(0.6537698476 0.01581800591 0.1)
(0.2228083315 0.08830806192 0.1)
(-0.6841813695 2.717125019 0.1)
(0.5389023285 0.04591307963 0.1)
(0.2506566482 0.02654125747 0.1)
(-8.699825865 -2.343688723 0.1)
(0.8630588223 -0.007730903991 0.1)
(-0.2820807491 2.056550402 0.1)
(0.3124966407 0.07360946823 0.1)
(0.6728985533 0.01298892611 0.1)
(0.6620281568 0.01219581383 0.1)
(0.6634089979 0.02287523211 0.1)
(0.6473511076 0.08364406212 0.1)
(0.634607934 0.07768669203 0.1)
(0.5462272502 -0.01343351312 0.1)
(0.8676434384 -0.06727887693 0.1)
(0.5525336028 0.04585261069 0.1)
(0.4510660467 0.0643321936 0.1)
(0.6761441661 0.02665106333 0.1)
(0.5914334178 0.07389026158 0.1)
(0.6832805118 0.008137731536 0.1)
(0.6854664551 0.01737153716 0.1)
(0.7492821394 -0.003176449028 0.1)
(0.7365764748 0.1756542911 0.1)
(0.2553223884 0.1580026519 0.1)
(0.6995732462 0.02074174111 0.1)
(0.6892902968 0.027739141 0.1)
(0.4558446675 0.1194668943 0.1)
(0.6184114462 -0.1237889787 0.1)
(0.6329926892 -0.1020633855 0.1)
(0.6308031188 0.0608003846 0.1)
(0.4632353652 0.07763987848 0.1)
(0.6850324011 0.03835814033 0.1)
(0.6568016052 0.07195891869 0.1)
(0.8459910552 -0.08030202345 0.1)
(0.7673807381 0.1391921177 0.1)
(0.5544947541 0.03508498477 0.1)
(0.5075166261 0.04345958738 0.1)
(0.4961682551 0.04581263517 0.1)
(14.78074088 -3.184213787 0.1)
(0.5255358702 0.03581447959 0.1)
(0.704457162 0.007949504002 0.1)
(11.04395657 5.94303566 0.1)
(0.5534069036 0.06934905993 0.1)
(0.8116836554 0.1354275372 0.1)
(0.3931778017 0.06073492916 0.1)
)


// ************************************************************************* //
